<?xml version="1.0" encoding="UTF-8" standalone="no" ?>
<SimscapeMultibodyImportXML version="2.0" xmlns="urn:mathworks:SimscapeMultibody:import" xmlns:xsi="http://www.w3.org/2001/XMLSchema-instance">
<Created by="" on="03/20/23||18:52:58" using="Simscape Multibody Link Version 7.4" from="SolidWorks 27.5.0"/>
<ModelUnits mass="kilogram" length="meter"/>
<DataUnits mass="kilogram" length="meter"/>
<RootAssembly name="Airport" uid="Airport" version="242">
<AssemblyFile name="Airport.SLDASM" type="SolidWorks Assembly"/>
<InstanceTree>
<Instance name="Part5-1" uid="Part5-1" entityUid="Part5*:*Default">
<Transform>
<Rotation>1 0 0 0 1 0 0 0 1</Rotation>
<Translation>0 0 0</Translation>
</Transform>
</Instance>
<Instance name="Turret-4" uid="Turret-4" entityUid="Turret*:*Default">
<Transform>
<Rotation>0.93756621840993026 0 0.34780682295852589 0.34780682295852589 0 -0.93756621840993026 0 1 0</Rotation>
<Translation>36.204565070388966 33.361607201561121 -12.149999999999991</Translation>
</Transform>
</Instance>
<Instance name="Mixer Mack Granite VR_0.step-2" uid="Mixer Mack Granite VR_0.step-2" entityUid="Mixer Mack Granite VR_0.step" rigid="true">
<Transform>
<Rotation>1 0 0 0 -3.4914813388431334e-15 -1 0 1 -3.4914813388431334e-15</Rotation>
<Translation>61.924217053528523 -59.739925543733889 -2.0858083521982533e-13</Translation>
</Transform>
<Instance name="Chasis camion Mixer Granite VR.step-1" uid="Chasis camion Mixer Granite VR.step-1" grounded="true" entityUid="Chasis camion Mixer Granite VR.step*:*Default">
<Transform>
<Rotation>1 0 0 0 -3.4914813388431334e-15 1 0 -1 -3.4914813388431334e-15</Rotation>
<Translation>0 0 0</Translation>
</Transform>
</Instance>
<Instance name="Cabina Mack Granite VR.step-1" uid="Cabina Mack Granite VR.step-1" grounded="true" entityUid="Cabina Mack Granite VR.step*:*Default">
<Transform>
<Rotation>0 0 -1 -1.0000000000000005e-15 1 0 1 1.0000000000000005e-15 0</Rotation>
<Translation>0 0.85643533753665102 -1.8140615655410102</Translation>
</Transform>
</Instance>
</Instance>
<Instance name="Terminal-1" uid="Terminal-1" entityUid="Terminal*:*Default">
<Transform>
<Rotation>1.0000000000000002 0 0 0 0 -1.0000000000000002 0 1 0</Rotation>
<Translation>0 0 0</Translation>
</Transform>
</Instance>
<Instance name="Turret-3" uid="Turret-3" entityUid="Turret*:*Default">
<Transform>
<Rotation>0.93756621840993493 0 0.3478068229585129 0.3478068229585129 0 -0.93756621840993493 0 1 0</Rotation>
<Translation>61.016034290222798 81.259626029973717 -0.14999999999999997</Translation>
</Transform>
</Instance>
<Instance name="Turret-1" uid="Turret-1" entityUid="Turret*:*Default">
<Transform>
<Rotation>0.93756621840993071 0 0.34780682295852478 0.34780682295852478 0 -0.93756621840993071 0 1 0</Rotation>
<Translation>23.586840937751234 67.374602689540495 -12.149999999999991</Translation>
</Transform>
</Instance>
<Instance name="Crane-2" uid="Crane-2" entityUid="Crane" rigid="true">
<Transform>
<Rotation>0.3478068229585245 0.93756621840993071 -1.6056869094246218e-16 -0.93756621840993071 0.3478068229585245 2.7435942489416932e-16 3.1307701474645724e-16 0 1</Rotation>
<Translation>21.500000000000014 73.000000000000014 -12.149999999999991</Translation>
</Transform>
<Instance name="Deck-1" uid="Deck-1" entityUid="Deck*:*Default">
<Transform>
<Rotation>1.0000000000000002 1.2490009027033065e-16 0 0 -3.5456195757430974e-16 -1.0000000000000002 -1.2490009027032957e-16 1 -3.5456195757431023e-16</Rotation>
<Translation>-7.1054273576010019e-15 0 31.430000000000014</Translation>
</Transform>
</Instance>
<Instance name="Hook-1" uid="Hook-1" entityUid="Hook*:*Default">
<Transform>
<Rotation>1.1102230246251542e-16 -1 0 -1 0 7.0540231524055994e-16 -7.0540231524056014e-16 0 -0.99999999999999989</Rotation>
<Translation>-15.805332145966965 -7.1054273576010019e-15 73.220027020793538</Translation>
</Transform>
</Instance>
<Instance name="Tower-1" uid="Tower-1" entityUid="Tower*:*Default">
<Transform>
<Rotation>1 0 0 0 0 -1 0 1 0</Rotation>
<Translation>0 0 0</Translation>
</Transform>
</Instance>
<Instance name="Pendant-1" uid="Pendant-1" entityUid="Pendant*:*Default">
<Transform>
<Rotation>0 0.89230005219612119 0.45144281681160842 1 0 1.1735014211342335e-16 0 0.45144281681160842 -0.89230005219612107</Rotation>
<Translation>1.5524850958008045 0 49.550308674855728</Translation>
</Transform>
</Instance>
<Instance name="Jib-1" uid="Jib-1" entityUid="Jib*:*Default">
<Transform>
<Rotation>-1.4432899320127031e-15 0.95433926239652156 -0.29872491065939433 -1 -1.26793387758655e-15 7.8082155918742835e-16 3.6640523655417071e-16 0.29872491065939433 0.95433926239652156</Rotation>
<Translation>-1.1590053318765641 -7.1054273576010019e-15 38.089091828453988</Translation>
</Transform>
</Instance>
<Instance name="Cable-1" uid="Cable-1" entityUid="Cable*:*Default">
<Transform>
<Rotation>0 0 -1.0000000000000002 -1.0000000000000002 -3.5456195757432606e-16 0 -3.5456195757432665e-16 1 0</Rotation>
<Translation>4.9000000000000057 0 31.430000000000007</Translation>
</Transform>
</Instance>
</Instance>
<Instance name="Turret-2" uid="Turret-2" entityUid="Turret*:*Default">
<Transform>
<Rotation>0.9375662184099296 0 0.34780682295852722 0.34780682295852722 0 -0.9375662184099296 0 0.99999999999999989 0</Rotation>
<Translation>73.633758422860325 47.246630541994314 -0.15000000000000013</Translation>
</Transform>
</Instance>
<Instance name="Crane-3" uid="Crane-3" entityUid="Crane" rigid="true">
<Transform>
<Rotation>0.34780682295852611 0.93756621840992993 -1.6056869094246154e-16 -0.93756621840992993 0.34780682295852611 2.7435942489417095e-16 3.1307701474645808e-16 0 1</Rotation>
<Translation>65.600000000000023 40.000000000000014 -12.149999999999995</Translation>
</Transform>
<Instance name="Deck-1" uid="Deck-1" entityUid="Deck*:*Default">
<Transform>
<Rotation>1 1.2490009027033011e-16 0 0 -3.5456195757431004e-16 -0.99999999999999978 -1.2490009027033006e-16 1 -3.5456195757430984e-16</Rotation>
<Translation>1.7763568394002505e-15 0 31.43000000000001</Translation>
</Transform>
</Instance>
<Instance name="Hook-1" uid="Hook-1" entityUid="Hook*:*Default">
<Transform>
<Rotation>0 -1.0000000000000002 0 -1 0 7.0540231524055994e-16 -7.0540231524055984e-16 0 -1.0000000000000002</Rotation>
<Translation>-15.805332145966965 0 73.220027020793552</Translation>
</Transform>
</Instance>
<Instance name="Tower-1" uid="Tower-1" entityUid="Tower*:*Default">
<Transform>
<Rotation>1.0000000000000002 0 0 0 0 -1 0 1.0000000000000002 0</Rotation>
<Translation>0 0 0</Translation>
</Transform>
</Instance>
<Instance name="Pendant-1" uid="Pendant-1" entityUid="Pendant*:*Default">
<Transform>
<Rotation>0 0.89230005219612096 0.45144281681160847 1 0 1.1735014211342524e-16 0 0.45144281681160847 -0.89230005219612096</Rotation>
<Translation>1.5524850958008169 0 49.550308674855728</Translation>
</Transform>
</Instance>
<Instance name="Jib-1" uid="Jib-1" entityUid="Jib*:*Default">
<Transform>
<Rotation>-1.4988010832439613e-15 0.95433926239652178 -0.29872491065939449 -1 -1.3158020019604413e-15 7.881256480763435e-16 3.6640523655417125e-16 0.29872491065939449 0.95433926239652178</Rotation>
<Translation>-1.1590053318765623 0 38.089091828453988</Translation>
</Transform>
</Instance>
<Instance name="Cable-1" uid="Cable-1" entityUid="Cable*:*Default">
<Transform>
<Rotation>0 0 -1 -1 -3.5456195757432636e-16 0 -3.5456195757432626e-16 1 0</Rotation>
<Translation>4.8999999999999968 0 31.43000000000001</Translation>
</Transform>
</Instance>
</Instance>
<Instance name="Crane-1" uid="Crane-1" entityUid="Crane" rigid="true">
<Transform>
<Rotation>0.93756621840992893 -0.34780682295852888 -1.6925640698330401e-16 0.34780682295852888 0.93756621840992893 2.5675215235371584e-16 0 -2.9959067772912202e-16 1</Rotation>
<Translation>13.000000000000004 45.000000000000007 -12.14999999999999</Translation>
</Transform>
<Instance name="Deck-1" uid="Deck-1" entityUid="Deck*:*Default">
<Transform>
<Rotation>1 1.2490009027033011e-16 0 0 -3.5456195757430989e-16 -0.99999999999999989 -1.2490009027033011e-16 1 -3.5456195757430994e-16</Rotation>
<Translation>-3.5527136788005009e-15 -7.1054273576010019e-15 31.430000000000014</Translation>
</Transform>
</Instance>
<Instance name="Hook-1" uid="Hook-1" entityUid="Hook*:*Default">
<Transform>
<Rotation>1.1102230246251563e-16 -0.99999999999999989 0 -1 -1.1102230246251563e-16 7.0540231524055994e-16 -7.0540231524055994e-16 0 -1</Rotation>
<Translation>-15.805332145966972 -7.1054273576010019e-15 73.220027020793538</Translation>
</Transform>
</Instance>
<Instance name="Tower-1" uid="Tower-1" entityUid="Tower*:*Default">
<Transform>
<Rotation>1.0000000000000002 0 0 0 0 -1 0 1.0000000000000002 0</Rotation>
<Translation>0 0 0</Translation>
</Transform>
</Instance>
<Instance name="Pendant-1" uid="Pendant-1" entityUid="Pendant*:*Default">
<Transform>
<Rotation>0 0.89230005219612107 0.45144281681160847 1 0 1.0079132368139337e-16 0 0.45144281681160847 -0.89230005219612107</Rotation>
<Translation>1.5524850958008116 -7.1054273576010019e-15 49.550308674855728</Translation>
</Transform>
</Instance>
<Instance name="Jib-1" uid="Jib-1" entityUid="Jib*:*Default">
<Transform>
<Rotation>-1.4988010832439613e-15 0.95433926239652156 -0.29872491065939449 -1 -1.2552293742954338e-15 7.9655630260464333e-16 3.664052365541711e-16 0.29872491065939444 0.95433926239652167</Rotation>
<Translation>-1.1590053318765676 -7.1054273576010019e-15 38.089091828453988</Translation>
</Transform>
</Instance>
<Instance name="Cable-1" uid="Cable-1" entityUid="Cable*:*Default">
<Transform>
<Rotation>0 0 -1 -1 -3.5456195757432626e-16 0 -3.5456195757432636e-16 1 0</Rotation>
<Translation>4.8999999999999986 -7.1054273576010019e-15 31.430000000000014</Translation>
</Transform>
</Instance>
</Instance>
<Instance name="Crane-4" uid="Crane-4" entityUid="Crane" rigid="true">
<Transform>
<Rotation>0.93756621840992882 -0.34780682295852899 -1.6925640698330401e-16 0.34780682295852899 0.93756621840992882 2.5675215235371461e-16 0 -2.9959067772912088e-16 0.99999999999999989</Rotation>
<Translation>75.500000000000014 68.000000000000014 -0.15000000000000033</Translation>
</Transform>
<Instance name="Deck-1" uid="Deck-1" entityUid="Deck*:*Default">
<Transform>
<Rotation>0.99999999999999989 1.2490009027033006e-16 0 0 -3.5456195757430994e-16 -0.99999999999999989 -1.2490009027033006e-16 1 -3.5456195757430989e-16</Rotation>
<Translation>0 7.1054273576010019e-15 31.430000000000003</Translation>
</Transform>
</Instance>
<Instance name="Hook-1" uid="Hook-1" entityUid="Hook*:*Default">
<Transform>
<Rotation>1.1102230246251563e-16 -1.0000000000000002 0 -0.99999999999999989 0 7.0540231524055984e-16 -7.0540231524055974e-16 0 -0.99999999999999989</Rotation>
<Translation>-15.805332145966972 7.1054273576010019e-15 73.220027020793495</Translation>
</Transform>
</Instance>
<Instance name="Tower-1" uid="Tower-1" entityUid="Tower*:*Default">
<Transform>
<Rotation>1 0 0 0 0 -0.99999999999999989 0 0.99999999999999989 0</Rotation>
<Translation>0 0 0</Translation>
</Transform>
</Instance>
<Instance name="Pendant-1" uid="Pendant-1" entityUid="Pendant*:*Default">
<Transform>
<Rotation>0 0.89230005219612107 0.45144281681160853 0.99999999999999989 0 1.0079132368139239e-16 0 0.45144281681160847 -0.89230005219612107</Rotation>
<Translation>1.5524850958008187 7.1054273576010019e-15 49.550308674855721</Translation>
</Transform>
</Instance>
<Instance name="Jib-1" uid="Jib-1" entityUid="Jib*:*Default">
<Transform>
<Rotation>-1.4988010832439613e-15 0.95433926239652167 -0.29872491065939449 -1 -1.3107405255266912e-15 8.1043409041245877e-16 3.66405236554171e-16 0.29872491065939438 0.95433926239652156</Rotation>
<Translation>-1.1590053318765712 7.1054273576010019e-15 38.089091828453981</Translation>
</Transform>
</Instance>
<Instance name="Cable-1" uid="Cable-1" entityUid="Cable*:*Default">
<Transform>
<Rotation>0 0 -0.99999999999999989 -0.99999999999999989 -3.5456195757432626e-16 0 -3.5456195757432631e-16 0.99999999999999978 0</Rotation>
<Translation>4.8999999999999915 7.1054273576010019e-15 31.430000000000003</Translation>
</Transform>
</Instance>
</Instance>
<Instance name="Excavator-1" uid="Excavator-1" entityUid="Excavator" rigid="true">
<Transform>
<Rotation>0.69175884783419916 -0.0073899749956031126 -0.72209077318067549 -0.72212858719420692 -0.00707918323569593 -0.69172262412155794 1.5045877797365936e-16 0.99994763534611142 -0.010233599841707606</Rotation>
<Translation>97.414846444742111 -8.6532606329702642 0.45400870343117217</Translation>
</Transform>
<Instance name="12. Hydraulic Cylinder 03-2" uid="12. Hydraulic Cylinder 03-2" entityUid="12. Hydraulic Cylinder 03*:*Default">
<Transform>
<Rotation>0.025928764872952721 0.013652893356936348 -0.99957055661676386 0.46591143923487771 -0.88483135725972373 -3.2108647338158214e-16 -0.8844513722880688 -0.46571135665012436 -0.029303623408253453</Rotation>
<Translation>-0.41607298246319147 2.3294470916129026 1.6258843491862649</Translation>
</Transform>
</Instance>
<Instance name="12. Hydraulic Cylinder 03-1" uid="12. Hydraulic Cylinder 03-1" entityUid="12. Hydraulic Cylinder 03*:*Default">
<Transform>
<Rotation>-0.025928764872952887 0.013652893356936043 0.99957055661676386 -0.46591143923487771 -0.88483135725972373 1.8447699964840858e-16 0.88445137228806869 -0.46571135665012436 0.029303623408253508</Rotation>
<Translation>0.3201107324850625 2.3294470916129022 1.6474664678264404</Translation>
</Transform>
</Instance>
<Instance name="Part27^Excavator-1" uid="Part27^Excavator-1" entityUid="Part27^Excavator*:*Default">
<Transform>
<Rotation>0.021731203222565932 -0.019658513457337101 0.99957055661676386 0.67085606388868479 0.74158758184302187 -2.8427780962569926e-16 -0.74126911196290945 0.67056796919094397 0.029303623408253904</Rotation>
<Translation>-0.10911646692902366 2.9409039714324563 8.8408728154527836</Translation>
</Transform>
</Instance>
<Instance name="Part30^Excavator-1" uid="Part30^Excavator-1" entityUid="Part30^Excavator*:*Default">
<Transform>
<Rotation>0.019091015109216961 -0.022231407669160166 0.99957055661676386 0.75865729501896495 0.6514899145148042 5.3050012299715732e-16 -0.65121013648177095 0.75833149466347527 0.029303623408253449</Rotation>
<Translation>-0.11861951116269154 2.6800537674789093 8.9090883800033325</Translation>
</Transform>
</Instance>
<Instance name="11. Piston 02-1" uid="11. Piston 02-1" entityUid="11. Piston 02*:*Default">
<Transform>
<Rotation>-0.0080371631607735819 0.02817989271058104 0.99957055661676386 -0.96165215877855803 -0.27427199185578321 3.5035993203869076e-16 0.27415420756367387 -0.96123918362199601 0.029303623408253619</Rotation>
<Translation>-0.18207756376318684 5.8789376140102556 6.210814588441913</Translation>
</Transform>
</Instance>
<Instance name="Part31^Excavator-1" uid="Part31^Excavator-1" entityUid="Part31^Excavator*:*Default">
<Transform>
<Rotation>0.019091015109216961 -0.022231407669160166 0.99957055661676386 0.75865729501896495 0.6514899145148042 5.3050012299715732e-16 -0.65121013648177095 0.75833149466347527 0.029303623408253449</Rotation>
<Translation>-0.10562509392667607 2.6800537674789102 8.9094693271076224</Translation>
</Transform>
</Instance>
<Instance name="5. Bucket-1" uid="5. Bucket-1" entityUid="5. Bucket*:*Default">
<Transform>
<Rotation>-0.01239734050398583 -0.026551992265760098 -0.99957055661676386 -0.9060992866254749 0.42306510465507008 -1.8079071226195786e-16 0.42288342214519792 0.90571016828227868 -0.029303623408253508</Rotation>
<Translation>-0.27545258101515913 2.7743807624102073 9.3959127815332977</Translation>
</Transform>
</Instance>
<Instance name="9. Piston 01-1" uid="9. Piston 01-1" entityUid="9. Piston 01*:*Default">
<Transform>
<Rotation>0.024203876619785816 0.016518919499378351 0.99957055661676397 -0.56371593605471049 0.82596873030276485 1.6306400674181987e-16 -0.82561402349677648 -0.56347385197594713 0.029303623408253744</Rotation>
<Translation>-0.25900321083243227 4.472616147412027 8.8348113136196744</Translation>
</Transform>
</Instance>
<Instance name="1. Turret Bed-1" uid="1. Turret Bed-1" entityUid="1. Turret Bed*:*Default">
<Transform>
<Rotation>-0.029303623407941959 2.4759541390652746e-16 -0.99957055661677308 0 1 -1.8426015921391148e-16 0.99957055661677308 0 -0.029303623407941893</Rotation>
<Translation>-0.029816436817583281 1.3180000000000001 1.0170630413575594</Translation>
</Transform>
</Instance>
<Instance name="8. Hydraulic Cylinder 01-1" uid="8. Hydraulic Cylinder 01-1" entityUid="8. Hydraulic Cylinder 01*:*Default">
<Transform>
<Rotation>0.024203876619785542 0.016518919499378462 0.99957055661676386 -0.56371593605471049 0.82596873030276485 1.2766480581016815e-16 -0.82561402349677637 -0.56347385197594724 0.029303623408253508</Rotation>
<Translation>-0.25081624326281826 4.8819758036988654 8.5555471551727322</Translation>
</Transform>
</Instance>
<Instance name="10. Hydraulic Cylinder 02-1" uid="10. Hydraulic Cylinder 02-1" entityUid="10. Hydraulic Cylinder 02*:*Default">
<Transform>
<Rotation>-0.0080371631607733598 0.028179892710580873 0.99957055661676386 -0.96165215877855803 -0.27427199185578327 2.9419825950394163e-16 0.27415420756367387 -0.9612391836219959 0.029303623408253508</Rotation>
<Translation>-0.13920044098469475 5.4616189964313904 4.7482408689835296</Translation>
</Transform>
</Instance>
<Instance name="Part23^Excavator-1" uid="Part23^Excavator-1" entityUid="Part23^Excavator*:*Default">
<Transform>
<Rotation>0.019091015109216961 -0.022231407669160166 0.99957055661676386 0.75865729501896495 0.6514899145148042 5.3050012299715732e-16 -0.65121013648177095 0.75833149466347527 0.029303623408253449</Rotation>
<Translation>0.23347921740555933 2.6800537674789102 8.9194105813488775</Translation>
</Transform>
</Instance>
<Instance name="Part28^Excavator-1" uid="Part28^Excavator-1" entityUid="Part28^Excavator*:*Default">
<Transform>
<Rotation>0.021731203222565932 -0.019658513457337101 0.99957055661676386 0.67085606388868479 0.74158758184302187 -2.8427780962569926e-16 -0.74126911196290945 0.67056796919094397 0.029303623408253904</Rotation>
<Translation>-0.10911646692902366 2.9409039714324563 8.8408728154527836</Translation>
</Transform>
</Instance>
<Instance name="Part29^Excavator-1" uid="Part29^Excavator-1" entityUid="Part29^Excavator*:*Default">
<Transform>
<Rotation>0.019091015109216961 -0.022231407669160166 0.99957055661676386 0.75865729501896495 0.6514899145148042 5.3050012299715732e-16 -0.65121013648177095 0.75833149466347527 0.029303623408253449</Rotation>
<Translation>0.005577130496945415 2.6800537674789089 8.912729355211809</Translation>
</Transform>
</Instance>
<Instance name="6. Bucket Linkage-1" uid="6. Bucket Linkage-1" entityUid="6. Bucket Linkage*:*Default">
<Transform>
<Rotation>-0.021731203222565706 -0.019658513457337379 -0.99957055661676364 -0.67085606388868479 0.74158758184302187 2.0122792321330962e-16 0.74126911196290934 0.67056796919094397 -0.029303623408253883</Rotation>
<Translation>-0.25905205042154478 2.9409039714324559 8.836477271941547</Translation>
</Transform>
</Instance>
<Instance name="Under Carriage-1" uid="Under Carriage-1" entityUid="Under Carriage" rigid="true">
<Transform>
<Rotation>1 0 0 0 1 0 0 0 1</Rotation>
<Translation>0 0 0</Translation>
</Transform>
<Instance name="05. Shoe-27" uid="05. Shoe-27" entityUid="05. Shoe*:*Default">
<Transform>
<Rotation>1.1102230246251706e-16 -1.9764448100343652e-16 -1 -0.010233599841698256 -0.99994763534611153 -2.3698707905210115e-16 -0.99994763534611153 0.010233599841698297 0</Rotation>
<Translation>1.5999999999999943 -0.25873990137869246 0.63832385269534342</Translation>
</Transform>
</Instance>
<Instance name="05. Shoe-28" uid="05. Shoe-28" entityUid="05. Shoe*:*Default">
<Transform>
<Rotation>0 -1.9715087439908646e-16 -1 -0.010233599841707504 -0.99994763534611142 1.9657247175333152e-16 -0.99994763534611142 0.010233599841707504 0</Rotation>
<Translation>1.6000000000000085 -0.26104358437950786 0.29107924432159393</Translation>
</Transform>
</Instance>
<Instance name="05. Shoe-29" uid="05. Shoe-29" entityUid="05. Shoe*:*Default">
<Transform>
<Rotation>1.6653345369377452e-16 -1.9698326075975571e-16 -0.99999999999999989 -0.010233599841700483 -0.99994763534611142 1.9526870907412574e-16 -0.99994763534611142 0.010233599841700483 -1.6854058109323965e-16</Rotation>
<Translation>1.5999999999999943 -0.26334726738037756 -0.056165364052134237</Translation>
</Transform>
</Instance>
<Instance name="05. Shoe-38" uid="05. Shoe-38" entityUid="05. Shoe*:*Default">
<Transform>
<Rotation>1.2760721520554264e-16 0 -1 0.84265457102468311 -0.53845452354976753 1.2056066876390026e-16 -0.53845452354976753 -0.84265457102468322 0</Rotation>
<Translation>-1.5999999999999943 0.11537534299692026 -2.6530965273919378</Translation>
</Transform>
</Instance>
<Instance name="05. Shoe-30" uid="05. Shoe-30" entityUid="05. Shoe*:*Default">
<Transform>
<Rotation>1.6653345369377439e-16 -1.9748677582146245e-16 -0.99999999999999989 -0.010233599841701345 -0.99994763534611142 1.957721977694404e-16 -0.99994763534611142 0.010233599841701345 -1.6854573386489547e-16</Rotation>
<Translation>1.6000000000000085 -0.2656509503812261 -0.40340997242587662</Translation>
</Transform>
</Instance>
<Instance name="05. Shoe-31" uid="05. Shoe-31" entityUid="05. Shoe*:*Default">
<Transform>
<Rotation>1.6653345369377439e-16 -1.9748677582146245e-16 -0.99999999999999989 -0.010233599841701345 -0.99994763534611142 1.957721977694404e-16 -0.99994763534611142 0.010233599841701345 -1.6854573386489547e-16</Rotation>
<Translation>1.5999999999999943 -0.26795463338207509 -0.750654580799619</Translation>
</Transform>
</Instance>
<Instance name="05. Shoe-32" uid="05. Shoe-32" entityUid="05. Shoe*:*Default">
<Transform>
<Rotation>1.6653345369377439e-16 -1.9748677582146245e-16 -0.99999999999999989 -0.010233599841701345 -0.99994763534611142 1.957721977694404e-16 -0.99994763534611142 0.010233599841701345 -1.6854573386489547e-16</Rotation>
<Translation>1.5999999999999943 -0.27025831638291664 -1.0978991891733472</Translation>
</Transform>
</Instance>
<Instance name="05. Shoe-33" uid="05. Shoe-33" entityUid="05. Shoe*:*Default">
<Transform>
<Rotation>1.6653345369377439e-16 -1.9748677582146245e-16 -0.99999999999999989 -0.010233599841701345 -0.99994763534611142 1.957721977694404e-16 -0.99994763534611142 0.010233599841701345 -1.6854573386489547e-16</Rotation>
<Translation>1.5999999999999943 -0.27256199938377174 -1.4451437975471038</Translation>
</Transform>
</Instance>
<Instance name="05. Shoe-34" uid="05. Shoe-34" entityUid="05. Shoe*:*Default">
<Transform>
<Rotation>1.6653345369377439e-16 -1.9748677582146245e-16 -0.99999999999999989 -0.010233599841701345 -0.99994763534611142 1.957721977694404e-16 -0.99994763534611142 0.010233599841701345 -1.6854573386489547e-16</Rotation>
<Translation>1.5999999999999943 -0.27486568238462011 -1.7923884059208319</Translation>
</Transform>
</Instance>
<Instance name="05. Shoe-37" uid="05. Shoe-37" entityUid="05. Shoe*:*Default">
<Transform>
<Rotation>2.1267994632099915e-16 -1.987185012085978e-16 -1 0.29694877274540549 -0.95489341099674452 -1.9575370362578845e-16 -0.95489341099674452 -0.29694877274540549 0</Rotation>
<Translation>-1.6000000000000085 -0.16300522031683851 -2.5421475976158803</Translation>
</Transform>
</Instance>
<Instance name="05. Shoe-35" uid="05. Shoe-35" entityUid="05. Shoe*:*Default">
<Transform>
<Rotation>1.6653345369377439e-16 -1.9748677582146245e-16 -0.99999999999999989 -0.010233599841701345 -0.99994763534611142 1.957721977694404e-16 -0.99994763534611142 0.010233599841701345 -1.6854573386489547e-16</Rotation>
<Translation>1.5999999999999943 -0.27716936538546871 -2.1396330142945743</Translation>
</Transform>
</Instance>
<Instance name="05. Shoe-39" uid="05. Shoe-39" entityUid="05. Shoe*:*Default">
<Transform>
<Rotation>1.6278829288286232e-16 0 -1 0.99112215579193674 0.13295439931925529 -2.763809450876558e-16 0.13295439931925523 -0.99112215579193685 0</Rotation>
<Translation>-1.6000000000000085 0.39951033796321261 -2.5579434138362558</Translation>
</Transform>
</Instance>
<Instance name="05. Shoe-40" uid="05. Shoe-40" entityUid="05. Shoe*:*Default">
<Transform>
<Rotation>0 1.125921565404559e-16 -0.99999999999999978 0.67095490897685472 0.74149815247231765 1.1320541983025725e-16 0.74149815247231765 -0.67095490897685472 0</Rotation>
<Translation>-1.6000000000000085 0.55502998700557638 -2.3018175675310317</Translation>
</Transform>
</Instance>
<Instance name="05. Shoe-41" uid="05. Shoe-41" entityUid="05. Shoe*:*Default">
<Transform>
<Rotation>-1.0751529908590696e-16 1.9899015784668166e-16 -0.99999999999999989 0.03353833125920197 0.99943743192675538 0 0.99943743192675549 -0.033538331259201991 0</Rotation>
<Translation>-1.6000000000000085 0.50839953549181871 -2.005823629458888</Translation>
</Transform>
</Instance>
<Instance name="05. Shoe-42" uid="05. Shoe-42" entityUid="05. Shoe*:*Default">
<Transform>
<Rotation>-2.4933818227492557e-16 0 -1 -0.54177506130285136 0.84052351719050178 -2.018543282307032e-16 0.84052351719050189 0.54177506130285125 0</Rotation>
<Translation>-1.6000000000000085 0.30691852629598998 -1.7799471780193699</Translation>
</Transform>
</Instance>
<Instance name="05. Shoe-43" uid="05. Shoe-43" entityUid="05. Shoe*:*Default">
<Transform>
<Rotation>0 1.8782652825152505e-16 -1 0.24635794253169102 0.96917891235393272 -2.5003348438750197e-16 0.96917891235393283 -0.24635794253169108 0</Rotation>
<Translation>-1.6000000000000085 0.41700782587122559 -1.3579744385298369</Translation>
</Transform>
</Instance>
<Instance name="05. Shoe-5" uid="05. Shoe-5" entityUid="05. Shoe*:*Default">
<Transform>
<Rotation>0 2.3888879779414823e-16 -1 0.03353833125920197 0.99943743192675538 0 0.99943743192675549 -0.033538331259201991 0</Rotation>
<Translation>1.5999999999999943 0.50839953549181982 -2.005823629458888</Translation>
</Transform>
</Instance>
<Instance name="05. Shoe-6" uid="05. Shoe-6" entityUid="05. Shoe*:*Default">
<Transform>
<Rotation>0 1.8113448025070651e-16 -1 -0.54177506130285125 0.84052351719050178 1.6703476996671039e-16 0.84052351719050178 0.54177506130285125 0</Rotation>
<Translation>1.5999999999999943 0.30691852629599065 -1.7799471780193699</Translation>
</Transform>
</Instance>
<Instance name="05. Shoe-4" uid="05. Shoe-4" entityUid="05. Shoe*:*Default">
<Transform>
<Rotation>1.5531521004098956e-16 1.6810330777171375e-16 -0.99999999999999978 0.67095490897685472 0.74149815247231765 2.2885779475298437e-16 0.74149815247231765 -0.67095490897685472 0</Rotation>
<Translation>1.5999999999999943 0.55502998700557726 -2.3018175675310175</Translation>
</Transform>
</Instance>
<Instance name="05. Shoe-10" uid="05. Shoe-10" entityUid="05. Shoe*:*Default">
<Transform>
<Rotation>0 2.3157207436655762e-16 -0.99999999999999989 0.17866066044466394 0.98391075225829117 2.4229558604285234e-16 0.98391075225829117 -0.17866066044466394 0</Rotation>
<Translation>1.5999999999999943 0.67162948150668877 -0.35668359095522817</Translation>
</Transform>
</Instance>
<Instance name="05. Shoe-12" uid="05. Shoe-12" entityUid="05. Shoe*:*Default">
<Transform>
<Rotation>0 2.3704150787284409e-16 -0.99999999999999989 -0.034925775717279089 0.99938990898975277 -1.9837995472905055e-16 0.99938990898975288 0.034925775717279062 0</Rotation>
<Translation>1.6000000000000085 0.66292065178520998 0.31656204780489361</Translation>
</Transform>
</Instance>
<Instance name="05. Shoe-7" uid="05. Shoe-7" entityUid="05. Shoe*:*Default">
<Transform>
<Rotation>0 2.2945989167496845e-16 -1 0.24635794253169102 0.96917891235393272 -1.827072982903879e-16 0.96917891235393283 -0.24635794253169108 0</Rotation>
<Translation>1.5999999999999943 0.41700782587122626 -1.3579744385298511</Translation>
</Transform>
</Instance>
<Instance name="05. Shoe-13" uid="05. Shoe-13" entityUid="05. Shoe*:*Default">
<Transform>
<Rotation>0 2.2620590421104727e-16 -1 -0.077575161834014694 0.99698650656186227 0 0.9969865065618625 0.07757516183401468 0</Rotation>
<Translation>1.5999999999999943 0.63288696402829703 0.65828593792556234</Translation>
</Transform>
</Instance>
<Instance name="05. Shoe-16" uid="05. Shoe-16" entityUid="05. Shoe*:*Default">
<Transform>
<Rotation>0 2.1862565764556481e-16 -1 -0.11703747578444931 0.99312749899597708 -2.0325440804978645e-16 0.99312749899597708 0.11703747578444927 0</Rotation>
<Translation>1.6000000000000085 0.52103612899756691 1.6899824775179653</Translation>
</Transform>
</Instance>
<Instance name="05. Shoe-17" uid="05. Shoe-17" entityUid="05. Shoe*:*Default">
<Transform>
<Rotation>0 2.3205037242885503e-16 -1 -0.1386779191809909 0.99033753575820316 0 0.99033753575820327 0.13867791918099087 1.6568133533109367e-16</Rotation>
<Translation>1.5999999999999943 0.47086091423961723 2.0314030868727357</Translation>
</Transform>
</Instance>
<Instance name="05. Shoe-14" uid="05. Shoe-14" entityUid="05. Shoe*:*Default">
<Transform>
<Rotation>0 2.3297974750101678e-16 -1 -0.089253075017603711 0.99600898018035067 -2.0158905061862133e-16 0.99600898018035067 0.089253075017603684 0</Rotation>
<Translation>1.6000000000000085 0.60017435739533931 1.0028227998383699</Translation>
</Transform>
</Instance>
<Instance name="05. Shoe-18" uid="05. Shoe-18" entityUid="05. Shoe*:*Default">
<Transform>
<Rotation>0 2.3138230831536762e-16 -1 -0.1657142252898352 0.98617381608750376 2.3256636501953635e-16 0.98617381608750376 0.1657142252898352 0</Rotation>
<Translation>1.5999999999999943 0.41117552520534867 2.3707371488527542</Translation>
</Transform>
</Instance>
<Instance name="05. Shoe-8" uid="05. Shoe-8" entityUid="05. Shoe*:*Default">
<Transform>
<Rotation>0 2.2721845106273937e-16 -1 0.30068087043240005 0.95372481049620095 0 0.95372481049620084 -0.3006808704324001 1.0988614464560924e-16</Rotation>
<Translation>1.6000000000000085 0.52443433576866982 -1.0217426051979572</Translation>
</Transform>
</Instance>
<Instance name="05. Shoe-9" uid="05. Shoe-9" entityUid="05. Shoe*:*Default">
<Transform>
<Rotation>0 2.2820926648581858e-16 -1 0.27813788553580887 0.96054115821742347 0 0.96054115821742359 -0.27813788553580887 0</Rotation>
<Translation>1.5999999999999943 0.61803079904115554 -0.68976731310134198</Translation>
</Transform>
</Instance>
<Instance name="05. Shoe-11" uid="05. Shoe-11" entityUid="05. Shoe*:*Default">
<Transform>
<Rotation>0 2.3359643033698204e-16 -1 0.051635325662284598 0.99866600680295003 2.3360654885155859e-16 0.99866600680295003 -0.051635325662284598 0</Rotation>
<Translation>1.5999999999999943 0.68061174897560206 -0.021811801941353792</Translation>
</Transform>
</Instance>
<Instance name="05. Shoe-15" uid="05. Shoe-15" entityUid="05. Shoe*:*Default">
<Transform>
<Rotation>0 2.1892144250268316e-16 -1 -0.10061515122749856 0.9949254199905978 -2.0226817917058199e-16 0.99492541999059791 0.10061515122749852 0</Rotation>
<Translation>1.5999999999999943 0.56354370364129047 1.3469955809207832</Translation>
</Transform>
</Instance>
<Instance name="05. Shoe-24" uid="05. Shoe-24" entityUid="05. Shoe*:*Default">
<Transform>
<Rotation>1.6653345369377494e-16 -1.9663174377083247e-16 -1 -0.010233599841697846 -0.99994763534611153 0 -0.99994763534611153 0.010233599841697867 -1.1149481811798879e-16</Rotation>
<Translation>1.5999999999999943 -0.2518288523761551 1.6800576778165777</Translation>
</Transform>
</Instance>
<Instance name="05. Shoe-19" uid="05. Shoe-19" entityUid="05. Shoe*:*Default">
<Transform>
<Rotation>0 2.0266876799838003e-16 -1 -0.1983064003262483 0.98014007753465815 0 0.98014007753465826 0.19830640032624833 0</Rotation>
<Translation>1.5999999999999943 0.34009480987363944 2.7072880370835435</Translation>
</Transform>
</Instance>
<Instance name="05. Shoe-25" uid="05. Shoe-25" entityUid="05. Shoe*:*Default">
<Transform>
<Rotation>1.6653345369377442e-16 -1.9735797897940786e-16 -0.99999999999999989 -0.010233599841701208 -0.99994763534611142 1.9564340767178789e-16 -0.99994763534611142 0.010233599841701208 -1.6854441580955301e-16</Rotation>
<Translation>1.5999999999999943 -0.25413253537699515 1.3328130694428353</Translation>
</Transform>
</Instance>
<Instance name="05. Shoe-26" uid="05. Shoe-26" entityUid="05. Shoe*:*Default">
<Transform>
<Rotation>1.6653345369377486e-16 -1.9657326753243787e-16 -1 -0.010233599841698391 -0.99994763534611153 0 -0.99994763534611153 0.010233599841698412 -1.1149421969556481e-16</Rotation>
<Translation>1.5999999999999943 -0.25643621837785574 0.98556846106910001</Translation>
</Transform>
</Instance>
<Instance name="05. Shoe-20" uid="05. Shoe-20" entityUid="05. Shoe*:*Default">
<Transform>
<Rotation>-1.3048770233758744e-16 0 -0.99999999999999989 -0.86212529646468794 0.50669514818643546 1.2232366825270444e-16 0.50669514818643546 0.86212529646468794 0</Rotation>
<Translation>1.5999999999999943 0.054905798765078007 2.7925795795187938</Translation>
</Transform>
</Instance>
<Instance name="05. Shoe-21" uid="05. Shoe-21" entityUid="05. Shoe*:*Default">
<Transform>
<Rotation>-1.4013956538087472e-16 -1.6578311038375123e-16 -1 -0.93509085419358451 -0.35440809020606806 1.8979810143784688e-16 -0.35440809020606806 0.93509085419358451 -1.0535567457066704e-16</Rotation>
<Translation>1.5999999999999943 -0.18682647873035374 2.6188518921728701</Translation>
</Transform>
</Instance>
<Instance name="05. Shoe-22" uid="05. Shoe-22" entityUid="05. Shoe*:*Default">
<Transform>
<Rotation>0 -1.8823181932345578e-16 -1 -0.48005245447159445 -0.87723978532428504 1.9914748964103878e-16 -0.87723978532428504 0.48005245447159445 0</Rotation>
<Translation>1.5999999999999943 -0.27784809271576383 2.3335153980623247</Translation>
</Transform>
</Instance>
<Instance name="05. Shoe-23" uid="05. Shoe-23" entityUid="05. Shoe*:*Default">
<Transform>
<Rotation>1.0900076782010269e-16 -1.9641536900253983e-16 -1 -0.023667776493206893 -0.9997198789440308 0 -0.99971987894403092 0.023667776493206914 0</Rotation>
<Translation>1.5999999999999943 -0.25020621967143525 2.0259700285888584</Translation>
</Transform>
</Instance>
<Instance name="05. Shoe-68" uid="05. Shoe-68" entityUid="05. Shoe*:*Default">
<Transform>
<Rotation>0 -2.3798272884926062e-16 -1 -0.010233599841701347 -0.99994763534611153 -1.957537036257885e-16 -0.99994763534611153 0.010233599841701389 0</Rotation>
<Translation>-1.6000000000000085 -0.27025831638291714 -1.0978991891733614</Translation>
</Transform>
</Instance>
<Instance name="05. Shoe-66" uid="05. Shoe-66" entityUid="05. Shoe*:*Default">
<Transform>
<Rotation>0 -2.3798272884926062e-16 -1 -0.010233599841701347 -0.99994763534611153 -1.957537036257885e-16 -0.99994763534611153 0.010233599841701389 0</Rotation>
<Translation>-1.5999999999999943 -0.26565095038122677 -0.40340997242587662</Translation>
</Transform>
</Instance>
<Instance name="05. Shoe-67" uid="05. Shoe-67" entityUid="05. Shoe*:*Default">
<Transform>
<Rotation>0 -2.3798272884926062e-16 -1 -0.010233599841701347 -0.99994763534611153 -1.957537036257885e-16 -0.99994763534611153 0.010233599841701389 0</Rotation>
<Translation>-1.6000000000000085 -0.26795463338207576 -0.750654580799619</Translation>
</Transform>
</Instance>
<Instance name="05. Shoe-63" uid="05. Shoe-63" entityUid="05. Shoe*:*Default">
<Transform>
<Rotation>0 -2.3691408216826894e-16 -1 -0.010233599841698256 -0.99994763534611153 0 -0.99994763534611153 0.010233599841698277 0</Rotation>
<Translation>-1.6000000000000085 -0.25873990137869313 0.63832385269532921</Translation>
</Transform>
</Instance>
<Instance name="05. Shoe-64" uid="05. Shoe-64" entityUid="05. Shoe*:*Default">
<Transform>
<Rotation>0 -2.3764682742688473e-16 -1 -0.010233599841707504 -0.99994763534611142 0 -0.99994763534611142 0.010233599841707524 0</Rotation>
<Translation>-1.5999999999999943 -0.26104358437950831 0.29107924432159393</Translation>
</Transform>
</Instance>
<Instance name="05. Shoe-65" uid="05. Shoe-65" entityUid="05. Shoe*:*Default">
<Transform>
<Rotation>0 -2.3747921378755467e-16 -1 -0.010233599841700485 -0.99994763534611153 -1.9575370362578857e-16 -0.99994763534611153 0.010233599841700528 0</Rotation>
<Translation>-1.6000000000000085 -0.26334726738037828 -0.056165364052134237</Translation>
</Transform>
</Instance>
<Instance name="05. Shoe-56" uid="05. Shoe-56" entityUid="05. Shoe*:*Default">
<Transform>
<Rotation>-2.1375442918447418e-16 0 -0.99999999999999989 -0.86212529646468794 0.50669514818643546 1.9411001982122086e-16 0.50669514818643546 0.86212529646468794 0</Rotation>
<Translation>-1.5999999999999943 0.054905798765077007 2.7925795795187867</Translation>
</Transform>
</Instance>
<Instance name="05. Shoe-54" uid="05. Shoe-54" entityUid="05. Shoe*:*Default">
<Transform>
<Rotation>0 1.7587115708410982e-16 -1 -0.1657142252898352 0.98617381608750376 1.8702170859563103e-16 0.98617381608750376 0.1657142252898352 0</Rotation>
<Translation>-1.6000000000000085 0.41117552520534811 2.3707371488527613</Translation>
</Transform>
</Instance>
<Instance name="05. Shoe-55" uid="05. Shoe-55" entityUid="05. Shoe*:*Default">
<Transform>
<Rotation>-1.9787798586044837e-16 1.6103540457493666e-16 -0.99999999999999989 -0.19830640032624827 0.98014007753465815 1.9707772500569721e-16 0.98014007753465815 0.19830640032624827 -1.6201379299732511e-16</Rotation>
<Translation>-1.6000000000000085 0.34009480987363877 2.7072880370835435</Translation>
</Transform>
</Instance>
<Instance name="05. Shoe-57" uid="05. Shoe-57" entityUid="05. Shoe*:*Default">
<Transform>
<Rotation>-2.5116186784339035e-16 -2.2129426161500906e-16 -1 -0.93509085419358451 -0.35440809020606812 3.1328764217506941e-16 -0.35440809020606812 0.93509085419358451 -1.1791644220675255e-16</Rotation>
<Translation>-1.6000000000000085 -0.18682647873035441 2.618851892172863</Translation>
</Transform>
</Instance>
<Instance name="05. Shoe-58" uid="05. Shoe-58" entityUid="05. Shoe*:*Default">
<Transform>
<Rotation>-1.2638475795821609e-16 -2.4374297055471363e-16 -1 -0.48005245447159434 -0.87723978532428504 0 -0.87723978532428515 0.48005245447159445 1.6568133533109367e-16</Rotation>
<Translation>-1.6000000000000085 -0.27784809271576433 2.3335153980623176</Translation>
</Transform>
</Instance>
<Instance name="05. Shoe-59" uid="05. Shoe-59" entityUid="05. Shoe*:*Default">
<Transform>
<Rotation>0 -2.3718137068799477e-16 -1 -0.023667776493206893 -0.9997198789440308 -1.949809396219491e-16 -0.99971987894403092 0.023667776493206935 0</Rotation>
<Translation>-1.6000000000000085 -0.25020621967143591 2.0259700285888798</Translation>
</Transform>
</Instance>
<Instance name="05. Shoe-60" uid="05. Shoe-60" entityUid="05. Shoe*:*Default">
<Transform>
<Rotation>0 -2.3712769679863101e-16 -1 -0.010233599841697846 -0.99994763534611153 0 -0.99994763534611153 0.010233599841697867 0</Rotation>
<Translation>-1.5999999999999943 -0.25182885237615577 1.6800576778165848</Translation>
</Transform>
</Instance>
<Instance name="05. Shoe-61" uid="05. Shoe-61" entityUid="05. Shoe*:*Default">
<Transform>
<Rotation>0 -2.3785393200720603e-16 -1 -0.01023359984170121 -0.99994763534611153 -1.9575370362578862e-16 -0.99994763534611153 0.010233599841701253 0</Rotation>
<Translation>-1.5999999999999943 -0.25413253537699582 1.3328130694428282</Translation>
</Transform>
</Instance>
<Instance name="05. Shoe-62" uid="05. Shoe-62" entityUid="05. Shoe*:*Default">
<Transform>
<Rotation>0 -2.3766922571676303e-16 -1 -0.010233599841698391 -0.99994763534611153 -1.9575370362578877e-16 -0.99994763534611153 0.010233599841698434 0</Rotation>
<Translation>-1.5999999999999943 -0.25643621837785641 0.98556846106910712</Translation>
</Transform>
</Instance>
<Instance name="05. Shoe-69" uid="05. Shoe-69" entityUid="05. Shoe*:*Default">
<Transform>
<Rotation>0 -2.3798272884926062e-16 -1 -0.010233599841701347 -0.99994763534611153 -1.957537036257885e-16 -0.99994763534611153 0.010233599841701389 0</Rotation>
<Translation>-1.6000000000000085 -0.2725619993837724 -1.4451437975470895</Translation>
</Transform>
</Instance>
<Instance name="05. Shoe-71" uid="05. Shoe-71" entityUid="05. Shoe*:*Default">
<Transform>
