<?xml version="1.0" encoding="UTF-8" standalone="no" ?>
<SimscapeMultibodyImportXML version="2.0" xmlns="urn:mathworks:SimscapeMultibody:import" xmlns:xsi="http://www.w3.org/2001/XMLSchema-instance">
<Created by="" on="01/17/23||15:07:46" using="Simscape Multibody Link Version 7.4" from="SolidWorks 27.5.0"/>
<ModelUnits mass="kilogram" length="millimeter"/>
<DataUnits mass="kilogram" length="meter"/>
<RootAssembly name="MAN5" uid="MAN5" version="104">
<AssemblyFile name="MAN5.SLDASM" type="SolidWorks Assembly"/>
<InstanceTree>
<Instance name="MAN5.IGS-1" uid="MAN5.IGS-1" grounded="true" entityUid="MAN5.IGS" rigid="true">
<Transform>
<Rotation>1 0 0 0 1 0 0 0 1</Rotation>
<Translation>0 0 0</Translation>
</Transform>
<Instance name="M33360_26280_L no3.IGS-1" uid="M33360_26280_L no3.IGS-1" grounded="true" entityUid="M33360_26280_L no3.IGS*:*Default">
<Transform>
<Rotation>1 0 0 0 1 0 0 0 1</Rotation>
<Translation>-5.5134737534800999 1.0072018052343299 4.5057800108613</Translation>
</Transform>
</Instance>
<Instance name="M33360_26280_parça no7.IGS-1" uid="M33360_26280_parça no7.IGS-1" grounded="true" entityUid="M33360_26280_parça no7.IGS*:*Default">
<Transform>
<Rotation>1 0 0 0 1 0 0 0 1</Rotation>
<Translation>-6.1083607243210798 1.0235324544144699 4.5337800108612996</Translation>
</Transform>
</Instance>
<Instance name="33360_33360_esnek V üst parça.IGS-1" uid="33360_33360_esnek V üst parça.IGS-1" grounded="true" entityUid="33360_33360_esnek V üst parça.IGS*:*Default">
<Transform>
<Rotation>0 -1 0 0 0 1 -1 0 0</Rotation>
<Translation>8.8963997689376786 1.3925580182766999 424.26005477063899</Translation>
</Transform>
</Instance>
<Instance name="M33360_26280_mil no8.IGS-1" uid="M33360_26280_mil no8.IGS-1" grounded="true" entityUid="M33360_26280_mil no8.IGS*:*Default">
<Transform>
<Rotation>0 0 -1 -0.97455644228512905 -0.22414223341564199 0 -0.22414223341564199 0.97455644228512905 0</Rotation>
<Translation>-0.395166783744829 1.49988847638579 5.1152336550958903</Translation>
</Transform>
</Instance>
<Instance name="M33360_26280_parça no6.IGS-1" uid="M33360_26280_parça no6.IGS-1" grounded="true" entityUid="M33360_26280_parça no6.IGS*:*Default">
<Transform>
<Rotation>1 0 0 0 1 0 0 0 1</Rotation>
<Translation>-6.1262776183237904 0.997122048367166 5.1167800108612997</Translation>
</Transform>
</Instance>
<Instance name="su tanki ayaði.IGS-1" uid="su tanki ayaði.IGS-1" grounded="true" entityUid="su tanki ayaði.IGS*:*Default">
<Transform>
<Rotation>-1 0 0 0 -1 0 0 0 1</Rotation>
<Translation>0.92645011659667098 1.5814704072572601 4.5407800108613001</Translation>
</Transform>
</Instance>
<Instance name="132özbmut4900zT13124_ozaas_Part1.IGS-4" uid="132özbmut4900zT13124_ozaas_Part1.IGS-4" grounded="true" entityUid="132özbmut4900zT13124_ozaas_Part1.IGS*:*Default">
<Transform>
<Rotation>0 0 1 -1 0 0 0 -1 0</Rotation>
<Translation>-1.1951667837448301 1.3574626283523701 4.2621640963719898</Translation>
</Transform>
</Instance>
<Instance name="alüminyumprofil2150.IGS-1" uid="alüminyumprofil2150.IGS-1" grounded="true" entityUid="alüminyumprofil2150.IGS*:*Default">
<Transform>
<Rotation>0.99953198537501198 0 -0.030591015221583001 0 1 0 0.030591015221583001 0 0.99953198537501198</Rotation>
<Translation>1.2491586979232401 0.734223342972946 2.1217250602745801</Translation>
</Transform>
</Instance>
<Instance name="132özbmut4900zT13124_ozaas_Part1.IGS-3" uid="132özbmut4900zT13124_ozaas_Part1.IGS-3" grounded="true" entityUid="132özbmut4900zT13124_ozaas_Part1.IGS*:*Default">
<Transform>
<Rotation>0 0 1 -1 0 0 0 -1 0</Rotation>
<Translation>-1.15934161762364 1.3574626283523701 2.6171640963719902</Translation>
</Transform>
</Instance>
<Instance name="alüminyumprofil2150.IGS-3" uid="alüminyumprofil2150.IGS-3" grounded="true" entityUid="alüminyumprofil2150.IGS*:*Default">
<Transform>
<Rotation>-0.99975464086550747 0 0.022150802872135011 0 1 0 -0.022150802872135011 0 -0.99975464086550747</Rotation>
<Translation>-1.2031371923013701 0.734223342972944 4.4007800108613004</Translation>
</Transform>
</Instance>
<Instance name="Aynalamasu tanki ayaði.IGS-1" uid="Aynalamasu tanki ayaði.IGS-1" grounded="true" entityUid="Aynalamasu tanki ayaði.IGS*:*Default">
<Transform>
<Rotation>-1 0 0 0 -1 0 0 0 1</Rotation>
<Translation>0.92645011659667098 1.5814704072572601 4.2807800108613003</Translation>
</Transform>
</Instance>
<Instance name="alüminyumprofil2150.IGS-2" uid="alüminyumprofil2150.IGS-2" grounded="true" entityUid="alüminyumprofil2150.IGS*:*Default">
<Transform>
<Rotation>0.99953198537501198 0 -0.030591015221583001 0 1 0 0.030591015221583001 0 0.99953198537501198</Rotation>
<Translation>1.2491586979232401 1.13422334297295 2.1217250602745801</Translation>
</Transform>
</Instance>
<Instance name="alüminyumprofil2150.IGS-4" uid="alüminyumprofil2150.IGS-4" grounded="true" entityUid="alüminyumprofil2150.IGS*:*Default">
<Transform>
<Rotation>-0.99975464086550747 0 0.022150802872135011 0 1 0 -0.022150802872135011 0 -0.99975464086550747</Rotation>
<Translation>-1.2031371923013701 1.13422334297294 4.4007800108613004</Translation>
</Transform>
</Instance>
<Instance name="M33360_26280_L no4.IGS-1" uid="M33360_26280_L no4.IGS-1" grounded="true" entityUid="M33360_26280_L no4.IGS*:*Default">
<Transform>
<Rotation>1 0 0 0 1 0 0 0 1</Rotation>
<Translation>-5.5134737534800999 0.99720180523433 5.0907800108612999</Translation>
</Transform>
</Instance>
<Instance name="mandUD-get ön tak.IGS-1" uid="mandUD-get ön tak.IGS-1" grounded="true" entityUid="mandUD-get ön tak.IGS*:*Default">
<Transform>
<Rotation>0.077241073186761003 -0.99701244556572999 0 0 0 1 -0.99701244556572999 -0.077241073186761003 0</Rotation>
<Translation>1.4378957584299701 1.57755801827687 5.3992827353498498</Translation>
</Transform>
</Instance>
<Instance name="mandUD-yan lamba kablo borusu.IGS-2" uid="mandUD-yan lamba kablo borusu.IGS-2" grounded="true" entityUid="mandUD-yan lamba kablo borusu.IGS*:*Default">
<Transform>
<Rotation>0 0 1 0.98516062816876404 -0.17163489361469103 0 0.171634893614691 0.98516062816876404 0</Rotation>
<Translation>0.32683321625517098 1.42255801827687 4.1857800108613006</Translation>
</Transform>
</Instance>
<Instance name="mandUD-yan lamba kablo borusu.IGS-3" uid="mandUD-yan lamba kablo borusu.IGS-3" grounded="true" entityUid="mandUD-yan lamba kablo borusu.IGS*:*Default">
<Transform>
<Rotation>0 0 1 0.784857038784326 -0.61967687440366803 0 0.61967687440366803 0.784857038784326 0</Rotation>
<Translation>-0.36516678374482903 1.42255801827687 5.6307800108613</Translation>
</Transform>
</Instance>
<Instance name="mandud-þase arka iç destek 1.IGS-1" uid="mandud-þase arka iç destek 1.IGS-1" grounded="true" entityUid="mandud-þase arka iç destek 1.IGS*:*Default">
<Transform>
<Rotation>0 0 1 0 1 0 -1 0 0</Rotation>
<Translation>-0.34716678374482801 1.3505580182768699 7.2107800108613</Translation>
</Transform>
</Instance>
<Instance name="mandUD-yan lamba kablo borusu.IGS-4" uid="mandUD-yan lamba kablo borusu.IGS-4" grounded="true" entityUid="mandUD-yan lamba kablo borusu.IGS*:*Default">
<Transform>
<Rotation>0 0 1 0.98268582086620904 0.18527972762421899 0 -0.18527972762421899 0.98268582086620904 0</Rotation>
<Translation>-0.36516678374482903 1.4225580182766899 4.1857800108613201</Translation>
</Transform>
</Instance>
<Instance name="mandud-þase arka iç destek 2.IGS-1" uid="mandud-þase arka iç destek 2.IGS-1" grounded="true" entityUid="mandud-þase arka iç destek 2.IGS*:*Default">
<Transform>
<Rotation>-1 0 0 0 1 0 0 0 -1</Rotation>
<Translation>0.39883321625517199 1.3655580182768701 7.0857800108613</Translation>
</Transform>
</Instance>
<Instance name="manÞasi flanþ_k8_4.IGS-1" uid="manÞasi flanþ_k8_4.IGS-1" grounded="true" entityUid="manÞasi flanþ_k8_4.IGS*:*Default">
<Transform>
<Rotation>0 -1 0 1 0 0 0 0 1</Rotation>
<Translation>0.57038837171031498 1.43667235711195 2.6557800108612999</Translation>
</Transform>
</Instance>
<Instance name="manÞasi flanþ_k8_4.IGS-3" uid="manÞasi flanþ_k8_4.IGS-3" grounded="true" entityUid="manÞasi flanþ_k8_4.IGS*:*Default">
<Transform>
<Rotation>0 1 0 1 0 0 0 0 -1</Rotation>
<Translation>-0.518721939199972 1.43667235711195 2.6807800108612998</Translation>
</Transform>
</Instance>
<Instance name="manÞasi flanþ_k8_4.IGS-4" uid="manÞasi flanþ_k8_4.IGS-4" grounded="true" entityUid="manÞasi flanþ_k8_4.IGS*:*Default">
<Transform>
<Rotation>0 1 0 1 0 0 0 0 -1</Rotation>
<Translation>-0.42954710532116003 1.43667235711195 4.3257800108613003</Translation>
</Transform>
</Instance>
<Instance name="manÞasi flanþ_k8_4.IGS-2" uid="manÞasi flanþ_k8_4.IGS-2" grounded="true" entityUid="manÞasi flanþ_k8_4.IGS*:*Default">
<Transform>
<Rotation>0 -1 0 1 0 0 0 0 1</Rotation>
<Translation>0.481213537831503 1.43667235711195 3.9357800108613001</Translation>
</Transform>
</Instance>
<Instance name="manpistonaltbaskýüstsacý_k10_1.IGS-1" uid="manpistonaltbaskýüstsacý_k10_1.IGS-1" grounded="true" entityUid="manpistonaltbaskýüstsacý_k10_1.IGS*:*Default">
<Transform>
<Rotation>-1 0 0 0 1 0 0 0 -1</Rotation>
<Translation>-0.48733798369039999 1.53523304590379 2.9407800108613</Translation>
</Transform>
</Instance>
<Instance name="mandAynalamaUD-altbaský iç.IGS-1" uid="mandAynalamaUD-altbaský iç.IGS-1" grounded="true" entityUid="mandAynalamaUD-altbaský iç.IGS*:*Default">
<Transform>
<Rotation>1 0 0 0 1 0 0 0 1</Rotation>
<Translation>-0.48635465321134802 1.5310171844257501 2.9057800108612999</Translation>
</Transform>
</Instance>
<Instance name="mandUD-altbaský iç.IGS-1" uid="mandUD-altbaský iç.IGS-1" grounded="true" entityUid="mandUD-altbaský iç.IGS*:*Default">
<Transform>
<Rotation>-1 0 0 0 1 0 0 0 -1</Rotation>
<Translation>0.53802108572169105 1.5310171844257501 2.9057800108612999</Translation>
</Transform>
</Instance>
<Instance name="mandUD-yað tanký ayaðý destek.IGS-1" uid="mandUD-yað tanký ayaðý destek.IGS-1" grounded="true" entityUid="mandUD-yað tanký ayaðý destek.IGS*:*Default">
<Transform>
<Rotation>0 0 1 0 1 0 -1 0 0</Rotation>
<Translation>0.50200805013398497 1.44905564510035 2.8877132696919698</Translation>
</Transform>
</Instance>
<Instance name="mandUD-yan lamba kablo borusu.IGS-1" uid="mandUD-yan lamba kablo borusu.IGS-1" grounded="true" entityUid="mandUD-yan lamba kablo borusu.IGS*:*Default">
<Transform>
<Rotation>0 0 1 0.98516062816876404 -0.17163489361469103 0 0.171634893614691 0.98516062816876404 0</Rotation>
<Translation>0.32683321625517098 1.42255801827687 5.6307800108613</Translation>
</Transform>
</Instance>
<Instance name="ayakflanþ_k8_4.IGS-2" uid="ayakflanþ_k8_4.IGS-2" grounded="true" entityUid="ayakflanþ_k8_4.IGS*:*Default">
<Transform>
<Rotation>0 0 -1 0 1 0 1 0 0</Rotation>
<Translation>-0.44316678374482898 1.43922334297294 4.2807800108613003</Translation>
</Transform>
</Instance>
<Instance name="ayakflanþ_k8_4.IGS-3" uid="ayakflanþ_k8_4.IGS-3" grounded="true" entityUid="ayakflanþ_k8_4.IGS*:*Default">
<Transform>
<Rotation>0 0 1 0 1 0 -1 0 0</Rotation>
<Translation>0.58400805013398405 1.43922334297294 2.7007800108612998</Translation>
</Transform>
</Instance>
<Instance name="132özbmut4900zT13124_ozaas_Part2.IGS-1" uid="132özbmut4900zT13124_ozaas_Part2.IGS-1" grounded="true" entityUid="132özbmut4900zT13124_ozaas_Part2.IGS*:*Default">
<Transform>
<Rotation>-1 0 0 0 0 1 0 1 0</Rotation>
<Translation>1.1355295207865701 0.734223342972945 2.7659092270133199</Translation>
</Transform>
</Instance>
<Instance name="132özbmut4900zT13124_ozaas_Part2.IGS-2" uid="132özbmut4900zT13124_ozaas_Part2.IGS-2" grounded="true" entityUid="132özbmut4900zT13124_ozaas_Part2.IGS*:*Default">
<Transform>
<Rotation>-1 0 0 0 0 1 0 1 0</Rotation>
<Translation>1.0963546869077501 0.734223342972944 4.0459092270133201</Translation>
</Transform>
</Instance>
<Instance name="Ayak Sacý3_752.IGS-1" uid="Ayak Sacý3_752.IGS-1" grounded="true" entityUid="Ayak Sacý3_752.IGS*:*Default">
<Transform>
<Rotation>0 0 -1 0 1 0 1 0 0</Rotation>
<Translation>-0.44316678374482898 1.46922334297294 4.2457800108613002</Translation>
</Transform>
</Instance>
<Instance name="ayakflanþ_k8_4.IGS-1" uid="ayakflanþ_k8_4.IGS-1" grounded="true" entityUid="ayakflanþ_k8_4.IGS*:*Default">
<Transform>
<Rotation>0 0 -1 0 1 0 1 0 0</Rotation>
<Translation>-0.53234161762364096 1.43922334297294 2.6357800108612999</Translation>
</Transform>
</Instance>
<Instance name="Ayak Sacý4_692.IGS-1" uid="Ayak Sacý4_692.IGS-1" grounded="true" entityUid="Ayak Sacý4_692.IGS*:*Default">
<Transform>
<Rotation>0 0 1 0 1 0 -1 0 0</Rotation>
<Translation>0.49483321625517102 1.46922334297294 4.0157800108612998</Translation>
</Transform>
</Instance>
<Instance name="132özbmut4900zT13124_ozaas_Part2.IGS-3" uid="132özbmut4900zT13124_ozaas_Part2.IGS-3" grounded="true" entityUid="132özbmut4900zT13124_ozaas_Part2.IGS*:*Default">
<Transform>
<Rotation>1 0 0 0 0 1 0 -1 0</Rotation>
<Translation>-1.06886308827622 0.734223342972945 2.5706507947092798</Translation>
</Transform>
</Instance>
<Instance name="132özbmut4900zT13124_ozaas_Part2.IGS-4" uid="132özbmut4900zT13124_ozaas_Part2.IGS-4" grounded="true" entityUid="132özbmut4900zT13124_ozaas_Part2.IGS*:*Default">
<Transform>
<Rotation>1 0 0 0 0 1 0 -1 0</Rotation>
<Translation>-1.1046882543974099 0.734223342972944 4.2156507947092798</Translation>
</Transform>
</Instance>
<Instance name="132özbmut4900zT13124_ozaas_Part1.IGS-1" uid="132özbmut4900zT13124_ozaas_Part1.IGS-1" grounded="true" entityUid="132özbmut4900zT13124_ozaas_Part1.IGS*:*Default">
<Transform>
<Rotation>0 0 -1 -1 0 0 0 1 0</Rotation>
<Translation>1.2260080501339801 1.3574626283523701 2.7193959253506099</Translation>
</Transform>
</Instance>
<Instance name="Ayak Sacý1_627.IGS-1" uid="Ayak Sacý1_627.IGS-1" grounded="true" entityUid="Ayak Sacý1_627.IGS*:*Default">
<Transform>
<Rotation>0 0 -1 0 1 0 1 0 0</Rotation>
<Translation>-0.53234161762364096 1.46922334297294 2.6007800108613002</Translation>
</Transform>
</Instance>
<Instance name="ayakflanþ_k8_4.IGS-4" uid="ayakflanþ_k8_4.IGS-4" grounded="true" entityUid="ayakflanþ_k8_4.IGS*:*Default">
<Transform>
<Rotation>0 0 1 0 1 0 -1 0 0</Rotation>
<Translation>0.49483321625517102 1.43922334297294 3.9807800108613001</Translation>
</Transform>
</Instance>
<Instance name="Ayak Sacý2_642.IGS-1" uid="Ayak Sacý2_642.IGS-1" grounded="true" entityUid="Ayak Sacý2_642.IGS*:*Default">
<Transform>
<Rotation>0 0 1 0 1 0 -1 0 0</Rotation>
<Translation>0.58400805013398405 1.46922334297294 2.7357800108613</Translation>
</Transform>
</Instance>
<Instance name="132özbmut4900zT13124_ozaas_Part1.IGS-2" uid="132özbmut4900zT13124_ozaas_Part1.IGS-2" grounded="true" entityUid="132özbmut4900zT13124_ozaas_Part1.IGS*:*Default">
<Transform>
<Rotation>0 0 -1 -1 0 0 0 1 0</Rotation>
<Translation>1.18683321625517 1.3574626283523701 3.9993959253506102</Translation>
</Transform>
</Instance>
<Instance name="M5 - Model_004_Ayna_01.IGS-1" uid="M5 - Model_004_Ayna_01.IGS-1" grounded="true" entityUid="M5 - Model_004_Ayna_01.IGS*:*Default">
<Transform>
<Rotation>0.99931239703033325 0.0001066497973723828 0.037077240556844686 -7.3738430490000019e-06 -0.99999527168873825 0.0030751497187812712 0.037077393208205009 -0.0030733086384550239 -0.99930767118385355</Rotation>
<Translation>1.3155155860565899 2.7921839823021601 0.38861093672555702</Translation>
</Transform>
</Instance>
<Instance name="M5 - Model_004_05.1.IGS-1" uid="M5 - Model_004_05.1.IGS-1" grounded="true" entityUid="M5 - Model_004_05.1.IGS*:*Default">
<Transform>
<Rotation>1 0 0 0 1 0 0 0 1</Rotation>
<Translation>0.72583805013398295 0.71955801827688204 1.5</Translation>
</Transform>
</Instance>
<Instance name="M5 - MirrorUV_01.IGS-1" uid="M5 - MirrorUV_01.IGS-1" grounded="true" entityUid="M5 - MirrorUV_01.IGS*:*Default">
<Transform>
<Rotation>0 0 -1 1 0 0 0 -1 0</Rotation>
<Translation>-0.44433194986607499 1.0845580182768699 0.29999999999999999</Translation>
</Transform>
</Instance>
<Instance name="mandUD-Hekimhan Madencilik_ergünler_3028U þase.IGS-1" uid="mandUD-Hekimhan Madencilik_ergünler_3028U þase.IGS-1" grounded="true" entityUid="mandUD-Hekimhan Madencilik_ergünler_3028U þase.IGS*:*Default">
<Transform>
<Rotation>-1 0 0 0 1 0 0 0 -1</Rotation>
<Translation>0.39276337488441199 1.4870472593219699 7.3507800108613006</Translation>
</Transform>
</Instance>
<Instance name="Part4^M5 - Model_004_merkez.IGS-1" uid="Part4^M5 - Model_004_merkez.IGS-1" grounded="true" entityUid="Part4^M5 - Model_004_merkez.IGS*:*Default">
<Transform>
<Rotation>0 0 1 0 1 0 -1 0 0</Rotation>
<Translation>1.07583805013394 -0.0014048900818089999 -0.0026649625725419998</Translation>
</Transform>
</Instance>
<Instance name="mandUD-Hekimhan Madencilik_ergünler_3028sasidik3.IGS-1" uid="mandUD-Hekimhan Madencilik_ergünler_3028sasidik3.IGS-1" grounded="true" entityUid="mandUD-Hekimhan Madencilik_ergünler_3028sasidik3.IGS*:*Default">
<Transform>
<Rotation>0 0 -1 0 1 0 1 0 0</Rotation>
<Translation>0.33683321625517099 0.71569498969437195 3.3915650880202102</Translation>
</Transform>
</Instance>
<Instance name="M5 - MirrorModel_004_05.1.IGS-1" uid="M5 - MirrorModel_004_05.1.IGS-1" grounded="true" entityUid="M5 - MirrorModel_004_05.1.IGS*:*Default">
<Transform>
<Rotation>-1 0 0 0 1 0 0 0 -1</Rotation>
<Translation>-0.67416194986601596 0.71955801827688104 1.5</Translation>
</Transform>
</Instance>
<Instance name="MirrorPart4^M5 - Model_004_merkez.IGS-1" uid="MirrorPart4^M5 - Model_004_merkez.IGS-1" grounded="true" entityUid="MirrorPart4^M5 - Model_004_merkez.IGS*:*Default">
<Transform>
<Rotation>0 0 1 0 1 0 -1 0 0</Rotation>
<Translation>-1.02416194986597 -0.0014048900818089999 -0.0026649625725210001</Translation>
</Transform>
</Instance>
<Instance name="Part5^M5 - Model_004_merkez.IGS-1" uid="Part5^M5 - Model_004_merkez.IGS-1" grounded="true" entityUid="Part5^M5 - Model_004_merkez.IGS*:*Default">
<Transform>
<Rotation>0 0 1 0 1 0 -1 0 0</Rotation>
<Translation>0 0 0</Translation>
</Transform>
</Instance>
<Instance name="Part3^M5 - Model_004_merkez.IGS-1" uid="Part3^M5 - Model_004_merkez.IGS-1" grounded="true" entityUid="Part3^M5 - Model_004_merkez.IGS*:*Default">
<Transform>
<Rotation>0 0 1 0 1 0 -1 0 0</Rotation>
<Translation>1.07583805013394 -0.0014048900818089999 -0.0026649625725419998</Translation>
</Transform>
</Instance>
<Instance name="MirrorPart5^M5 - Model_004_merkez.IGS-1" uid="MirrorPart5^M5 - Model_004_merkez.IGS-1" grounded="true" entityUid="MirrorPart5^M5 - Model_004_merkez.IGS*:*Default">
<Transform>
<Rotation>0 0 1 0 1 0 -1 0 0</Rotation>
<Translation>0.051676100267966998 0 0</Translation>
</Transform>
</Instance>
<Instance name="M5 - MirrorModel_004_Ayna_01.IGS-1" uid="M5 - MirrorModel_004_Ayna_01.IGS-1" grounded="true" entityUid="M5 - MirrorModel_004_Ayna_01.IGS*:*Default">
<Transform>
<Rotation>-0.99931239703033325 -0.0001066497973723828 0.037077240556844686 -7.3738430490000019e-06 -0.99999527168873825 -0.0030751497187812712 0.037077393208205009 -0.0030733086384550239 0.99930767118385355</Rotation>
<Translation>-1.2638394857886199 2.7921839823021601 0.38861093672555702</Translation>
</Transform>
</Instance>
<Instance name="MirrorPart3^M5 - Model_004_merkez.IGS-1" uid="MirrorPart3^M5 - Model_004_merkez.IGS-1" grounded="true" entityUid="MirrorPart3^M5 - Model_004_merkez.IGS*:*Default">
<Transform>
<Rotation>0 0 1 0 1 0 -1 0 0</Rotation>
<Translation>-1.02416194986597 -0.0014048900818089999 -0.0026649625725210001</Translation>
</Transform>
</Instance>
<Instance name="M5 - UV_01.IGS-1" uid="M5 - UV_01.IGS-1" grounded="true" entityUid="M5 - UV_01.IGS*:*Default">
<Transform>
<Rotation>0 0 -1 1 0 0 0 -1 0</Rotation>
<Translation>0.49600805013390997 1.0845580182768799 0.29999999999999999</Translation>
</Transform>
</Instance>
<Instance name="mandUD-Hekimhan Madencilik_ergünler_3028arka kapama sacý.IGS-1" uid="mandUD-Hekimhan Madencilik_ergünler_3028arka kapama sacý.IGS-1" grounded="true" entityUid="mandUD-Hekimhan Madencilik_ergünler_3028arka kapama sacý.IGS*:*Default">
<Transform>
<Rotation>0 0 1 0 1 0 -1 0 0</Rotation>
<Translation>0.39683321625517198 1.4900701681294899 7.3371907460994299</Translation>
</Transform>
</Instance>
<Instance name="mandUD-Hekimhan Madencilik_ergünler_3028þase u kapama.IGS-1" uid="mandUD-Hekimhan Madencilik_ergünler_3028þase u kapama.IGS-1" grounded="true" entityUid="mandUD-Hekimhan Madencilik_ergünler_3028þase u kapama.IGS*:*Default">
<Transform>
<Rotation>-1 0 0 0 0 -1 0 -1 0</Rotation>
<Translation>0.39276337488441199 1.55955801827687 7.3507800108613006</Translation>
</Transform>
</Instance>
<Instance name="mandUD-Hekimhan Madencilik_ergünler_3028sasidik1.IGS-1" uid="mandUD-Hekimhan Madencilik_ergünler_3028sasidik1.IGS-1" grounded="true" entityUid="mandUD-Hekimhan Madencilik_ergünler_3028sasidik1.IGS*:*Default">
<Transform>
<Rotation>0 0 1 0 1 0 -1 0 0</Rotation>
<Translation>-0.34716678374482801 0.71569498969436995 8.9429949193115803</Translation>
</Transform>
</Instance>
<Instance name="mandUD-Hekimhan Madencilik_ergünler_3028sasidik2.IGS-1" uid="mandUD-Hekimhan Madencilik_ergünler_3028sasidik2.IGS-1" grounded="true" entityUid="mandUD-Hekimhan Madencilik_ergünler_3028sasidik2.IGS*:*Default">
<Transform>
<Rotation>0 0 1 0 1 0 -1 0 0</Rotation>
<Translation>-0.34716678374482801 0.52046852055220205 8.9823981109625404</Translation>
</Transform>
</Instance>
<Instance name="mandUD-Hekimhan Madencilik_ergünler_3028sasidik4.IGS-1" uid="mandUD-Hekimhan Madencilik_ergünler_3028sasidik4.IGS-1" grounded="true" entityUid="mandUD-Hekimhan Madencilik_ergünler_3028sasidik4.IGS*:*Default">
<Transform>
<Rotation>0 0 -1 0 1 0 1 0 0</Rotation>
<Translation>0.33683321625517099 0.52046852055220305 3.3521618963692599</Translation>
</Transform>
</Instance>
<Instance name="mandUD-Hekimhan Madencilik_ergünler_3028þasi çapraz profil.IGS-1" uid="mandUD-Hekimhan Madencilik_ergünler_3028þasi çapraz profil.IGS-1" grounded="true" entityUid="mandUD-Hekimhan Madencilik_ergünler_3028þasi çapraz profil.IGS*:*Default">
<Transform>
<Rotation>-0.953314230726381 0 0.30198009453367702 0 1 0 -0.30198009453367702 0 -0.953314230726381</Rotation>
<Translation>-0.20436263379859201 1.4202442522597101 6.9690488512848496</Translation>
</Transform>
</Instance>
<Instance name="mandUD-Hekimhan Madencilik_ergünler_3028þasi u kros.IGS-1" uid="mandUD-Hekimhan Madencilik_ergünler_3028þasi u kros.IGS-1" grounded="true" entityUid="mandUD-Hekimhan Madencilik_ergünler_3028þasi u kros.IGS*:*Default">
<Transform>
<Rotation>0 1 0 -1 0 0 0 0 1</Rotation>
<Translation>-0.042866783744384997 1.67095801828187 4.1287799964705014</Translation>
</Transform>
</Instance>
<Instance name="mandUD-Hekimhan Madencilik_ergünler_3028þase  U kros bayraðý.IGS-1" uid="mandUD-Hekimhan Madencilik_ergünler_3028þase  U kros bayraðý.IGS-1" grounded="true" entityUid="mandUD-Hekimhan Madencilik_ergünler_3028þase  U kros bayraðý.IGS*:*Default">
<Transform>
<Rotation>0 -1 0 0 0 -1 1 0 0</Rotation>
<Translation>-0.046109983945158001 1.5231332403209199 3.8763101174068799</Translation>
</Transform>
</Instance>
<Instance name="mandUD-Hekimhan Madencilik_ergünler_3028þasi çapraz profil - 2.IGS-1" uid="mandUD-Hekimhan Madencilik_ergünler_3028þasi çapraz profil - 2.IGS-1" grounded="true" entityUid="mandUD-Hekimhan Madencilik_ergünler_3028þasi çapraz profil - 2.IGS*:*Default">
<Transform>
<Rotation>0.95290902895948804 0 -0.30325629841354601 0 -1 0 -0.30325629841354601 0 -0.95290902895948804</Rotation>
<Translation>0.25605491082923998 1.4128717842940599 6.9691172205757903</Translation>
</Transform>
</Instance>
<Instance name="mandUD-Hekimhan Madencilik_ergünler_3028kulak burcu.IGS-2" uid="mandUD-Hekimhan Madencilik_ergünler_3028kulak burcu.IGS-2" grounded="true" entityUid="mandUD-Hekimhan Madencilik_ergünler_3028kulak burcu.IGS*:*Default">
<Transform>
<Rotation>0 0 -1 0.77867429844172797 0.627428352042114 0 0.627428352042114 -0.77867429844172797 0</Rotation>
<Translation>-0.26516678374482899 1.4055580182768701 7.2707800108613014</Translation>
</Transform>
</Instance>
<Instance name="mandUD-Hekimhan Madencilik_ergünler_3028þase  U kros bayraðý.IGS-2" uid="mandUD-Hekimhan Madencilik_ergünler_3028þase  U kros bayraðý.IGS-2" grounded="true" entityUid="mandUD-Hekimhan Madencilik_ergünler_3028þase  U kros bayraðý.IGS*:*Default">
<Transform>
<Rotation>0 -1 0 0 0 1 -1 0 0</Rotation>
<Translation>-0.046109983945152998 1.38698279623764 4.4516038571633496</Translation>
</Transform>
</Instance>
<Instance name="mandUD-Hekimhan Madencilik_ergünler_3028þase çaprazlarý ön destek.IGS-1" uid="mandUD-Hekimhan Madencilik_ergünler_3028þase çaprazlarý ön destek.IGS-1" grounded="true" entityUid="mandUD-Hekimhan Madencilik_ergünler_3028þase çaprazlarý ön destek.IGS*:*Default">
<Transform>
<Rotation>0.21155422999564399 0 0.97736626081062905 0 1 0 -0.97736626081062905 0 0.21155422999564399</Rotation>
<Translation>0.193599612890161 1.30682581311768 5.5402077898939197</Translation>
</Transform>
</Instance>
<Instance name="mandUD-Hekimhan Madencilik_ergünler_3028papatya.IGS-2" uid="mandUD-Hekimhan Madencilik_ergünler_3028papatya.IGS-2" grounded="true" entityUid="mandUD-Hekimhan Madencilik_ergünler_3028papatya.IGS*:*Default">
<Transform>
<Rotation>0 1 0 0 0 1 1 0 0</Rotation>
<Translation>-0.113866783744867 1.3505580182768699 5.9531898085809596</Translation>
</Transform>
</Instance>
<Instance name="mandUD-Hekimhan Madencilik_ergünler_3028papatyanýn kardeþi.IGS-1" uid="mandUD-Hekimhan Madencilik_ergünler_3028papatyanýn kardeþi.IGS-1" grounded="true" entityUid="mandUD-Hekimhan Madencilik_ergünler_3028papatyanýn kardeþi.IGS*:*Default">
<Transform>
<Rotation>-1 0 0 0 0 1 0 1 0</Rotation>
<Translation>0.39851965769511899 1.4765580182768701 6.7120341309900704</Translation>
</Transform>
</Instance>
<Instance name="mandUD-Hekimhan Madencilik_ergünler_3028þase ön destek.IGS-1" uid="mandUD-Hekimhan Madencilik_ergünler_3028þase ön destek.IGS-1" grounded="true" entityUid="mandUD-Hekimhan Madencilik_ergünler_3028þase ön destek.IGS*:*Default">
<Transform>
<Rotation>1 0 0 0 1 0 0 0 1</Rotation>
<Translation>0.37198856058764701 1.3701287948292999 7.0307800108613003</Translation>
</Transform>
</Instance>
<Instance name="mandUD-Hekimhan Madencilik_ergünler_3028þase  U kros bayraðý.IGS-4" uid="mandUD-Hekimhan Madencilik_ergünler_3028þase  U kros bayraðý.IGS-4" grounded="true" entityUid="mandUD-Hekimhan Madencilik_ergünler_3028þase  U kros bayraðý.IGS*:*Default">
<Transform>
<Rotation>0 1 0 0 0 1 1 0 0</Rotation>
<Translation>0.097776416455496007 1.38698279623765 3.8763101174068799</Translation>
</Transform>
</Instance>
<Instance name="mandUD-Hekimhan Madencilik_ergünler_3028þase  U kros bayraðý.IGS-3" uid="mandUD-Hekimhan Madencilik_ergünler_3028þase  U kros bayraðý.IGS-3" grounded="true" entityUid="mandUD-Hekimhan Madencilik_ergünler_3028þase  U kros bayraðý.IGS*:*Default">
<Transform>
<Rotation>0 1 0 0 0 -1 -1 0 0</Rotation>
<Translation>0.097776416455496007 1.5231332403161 4.4516038571633496</Translation>
</Transform>
</Instance>
<Instance name="mandUD-Hekimhan Madencilik_ergünler_3028þasi çapraz profil - 2.IGS-2" uid="mandUD-Hekimhan Madencilik_ergünler_3028þasi çapraz profil - 2.IGS-2" grounded="true" entityUid="mandUD-Hekimhan Madencilik_ergünler_3028þasi çapraz profil - 2.IGS*:*Default">
<Transform>
<Rotation>-0.95290902895948804 0 0.30325629841354601 0 -1 0 0.30325629841354601 0 0.95290902895948804</Rotation>
<Translation>-0.20438847831889601 1.4128717842940599 5.3654427867560086</Translation>
</Transform>
</Instance>
<Instance name="mandUD-Hekimhan Madencilik_ergünler_3028þase çaprazlarý ön destek - 2.IGS-1" uid="mandUD-Hekimhan Madencilik_ergünler_3028þase çaprazlarý ön destek - 2.IGS-1" grounded="true" entityUid="mandUD-Hekimhan Madencilik_ergünler_3028þase çaprazlarý ön destek - 2.IGS*:*Default">
<Transform>
<Rotation>-0.21155422999564399 0 0.97736626081062905 0 1 0 -0.97736626081062905 0 -0.21155422999564399</Rotation>
<Translation>-0.14779737794468201 1.3068258131224899 5.5414771152739002</Translation>
</Transform>
</Instance>
<Instance name="mandUD-Hekimhan Madencilik_ergünler_3028kulak burcu.IGS-1" uid="mandUD-Hekimhan Madencilik_ergünler_3028kulak burcu.IGS-1" grounded="true" entityUid="mandUD-Hekimhan Madencilik_ergünler_3028kulak burcu.IGS*:*Default">
<Transform>
<Rotation>0 0 1 -0.98981327694185073 -0.14237161511212498 0 0.14237161511212498 -0.98981327694185073 0</Rotation>
<Translation>0.31683321625517202 1.4055580182768601 7.2707800108613014</Translation>
</Transform>
</Instance>
<Instance name="mandUD-Hekimhan Madencilik_ergünler_3028papatya.IGS-1" uid="mandUD-Hekimhan Madencilik_ergünler_3028papatya.IGS-1" grounded="true" entityUid="mandUD-Hekimhan Madencilik_ergünler_3028papatya.IGS*:*Default">
<Transform>
<Rotation>0 1 0 0 0 1 1 0 0</Rotation>
<Translation>-0.113866783744867 1.4765580182768701 5.9531898085809596</Translation>
</Transform>
</Instance>
<Instance name="mandUD-Hekimhan Madencilik_ergünler_3028þase ön destek.IGS-2" uid="mandUD-Hekimhan Madencilik_ergünler_3028þase ön destek.IGS-2" grounded="true" entityUid="mandUD-Hekimhan Madencilik_ergünler_3028þase ön destek.IGS*:*Default">
<Transform>
<Rotation>-1 0 0 0 1 0 0 0 -1</Rotation>
<Translation>-0.31654069873836099 1.3701287948292999 7.0892845202399002</Translation>
</Transform>
</Instance>
<Instance name="mandUD-Hekimhan Madencilik_Mirrorergünler_3028U þase.IGS-1" uid="mandUD-Hekimhan Madencilik_Mirrorergünler_3028U þase.IGS-1" grounded="true" entityUid="mandUD-Hekimhan Madencilik_Mirrorergünler_3028U þase.IGS*:*Default">
<Transform>
<Rotation>-1 0 0 0 1 0 0 0 -1</Rotation>
<Translation>1.0814086185093399 1.4870472593219699 7.3507800108613006</Translation>
</Transform>
</Instance>
<Instance name="mandUD-Hekimhan Madencilik_ergünler_3028papatyanýn kardeþi.IGS-2" uid="mandUD-Hekimhan Madencilik_ergünler_3028papatyanýn kardeþi.IGS-2" grounded="true" entityUid="mandUD-Hekimhan Madencilik_ergünler_3028papatyanýn kardeþi.IGS*:*Default">
<Transform>
<Rotation>1 0 0 0 0 -1 0 1 0</Rotation>
<Translation>-0.34685322518477602 1.4815580182816901 6.7120341309900597</Translation>
</Transform>
</Instance>
<Instance name="mandUD-Volvo_kutu_volvo p1.IGS-1" uid="mandUD-Volvo_kutu_volvo p1.IGS-1" grounded="true" entityUid="mandUD-Volvo_kutu_volvo p1.IGS*:*Default">
<Transform>
<Rotation>-1 0 0 0 1 0 0 0 -1</Rotation>
<Translation>0.53900441620073603 1.5363510886832901 2.7357800108613</Translation>
</Transform>
</Instance>
<Instance name="mandUD-Volvo_kutu_CH806.IGS-2" uid="mandUD-Volvo_kutu_CH806.IGS-2" grounded="true" entityUid="mandUD-Volvo_kutu_CH806.IGS*:*Default">
<Transform>
<Rotation>0 -1 0 0 0 -1 1 0 0</Rotation>
<Translation>0.215327548280421 1.63559036587687 2.79695882744547</Translation>
</Transform>
</Instance>
<Instance name="mandUD-Hekimhan Madencilik_ergünler_3028papatyanýn kardeþi.IGS-3" uid="mandUD-Hekimhan Madencilik_ergünler_3028papatyanýn kardeþi.IGS-3" grounded="true" entityUid="mandUD-Hekimhan Madencilik_ergünler_3028papatyanýn kardeþi.IGS*:*Default">
<Transform>
<Rotation>1 0 0 0 0 1 0 -1 0</Rotation>
<Translation>-0.34685322518477602 1.4765580182768701 5.6225258763417196</Translation>
</Transform>
</Instance>
<Instance name="mandUD-Volvo_kutu_CH806.IGS-1" uid="mandUD-Volvo_kutu_CH806.IGS-1" grounded="true" entityUid="mandUD-Volvo_kutu_CH806.IGS*:*Default">
<Transform>
<Rotation>0 1 0 0 0 -1 -1 0 0</Rotation>
<Translation>-0.163661115770079 1.63559036587687 2.8446011942771299</Translation>
</Transform>
</Instance>
<Instance name="mandUD-Hekimhan Madencilik_Mirrorergünler_3028þase u kapama.IGS-1" uid="mandUD-Hekimhan Madencilik_Mirrorergünler_3028þase u kapama.IGS-1" grounded="true" entityUid="mandUD-Hekimhan Madencilik_Mirrorergünler_3028þase u kapama.IGS*:*Default">
<Transform>
<Rotation>-1 0 0 0 0 -1 0 -1 0</Rotation>
<Translation>1.0814086185093399 1.55955801827687 7.3507800108613006</Translation>
</Transform>
</Instance>
<Instance name="mandUD-Hekimhan Madencilik_1yg01.IGS-1" uid="mandUD-Hekimhan Madencilik_1yg01.IGS-1" grounded="true" entityUid="mandUD-Hekimhan Madencilik_1yg01.IGS*:*Default">
<Transform>
<Rotation>0 0 1 0 1 0 -1 0 0</Rotation>
<Translation>-0.53222400506483003 3.0953268151730402 7.8970295510731807</Translation>
</Transform>
</Instance>
<Instance name="mandUD-Volvo_kutu_CH805.IGS-1" uid="mandUD-Volvo_kutu_CH805.IGS-1" grounded="true" entityUid="mandUD-Volvo_kutu_CH805.IGS*:*Default">
<Transform>
<Rotation>0 1 0 0 0 -1 -1 0 0</Rotation>
<Translation>-0.16096451655492899 1.65559036587687 2.8216801009483499</Translation>
</Transform>
</Instance>
<Instance name="mandUD-Volvo_kutu_CH805.IGS-2" uid="mandUD-Volvo_kutu_CH805.IGS-2" grounded="true" entityUid="mandUD-Volvo_kutu_CH805.IGS*:*Default">
<Transform>
<Rotation>0 -1 0 0 0 -1 1 0 0</Rotation>
<Translation>0.212630949065271 1.65559036587687 2.8198799207742402</Translation>
</Transform>
</Instance>
<Instance name="mandUD-Volvo_kutu_volvo p3.IGS-1" uid="mandUD-Volvo_kutu_volvo p3.IGS-1" grounded="true" entityUid="mandUD-Volvo_kutu_volvo p3.IGS*:*Default">
<Transform>
<Rotation>-1 0 0 0 1 0 0 0 -1</Rotation>
<Translation>0.66631544071431104 1.57497926486985 2.9257800108612999</Translation>
</Transform>
</Instance>
<Instance name="mandUD-Volvo_kutu_volvo p5.IGS-1" uid="mandUD-Volvo_kutu_volvo p5.IGS-1" grounded="true" entityUid="mandUD-Volvo_kutu_volvo p5.IGS*:*Default">
<Transform>
<Rotation>-1 0 0 0 1 0 0 0 -1</Rotation>
<Translation>0.53900441620073603 1.5363510886832901 2.9157800108613001</Translation>
</Transform>
</Instance>
<Instance name="mandUD-Hekimhan Madencilik_ergünler_3028papatyanýn kardeþi.IGS-4" uid="mandUD-Hekimhan Madencilik_ergünler_3028papatyanýn kardeþi.IGS-4" grounded="true" entityUid="mandUD-Hekimhan Madencilik_ergünler_3028papatyanýn kardeþi.IGS*:*Default">
<Transform>
<Rotation>-1 0 0 0 0 -1 0 -1 0</Rotation>
<Translation>0.39851965769511799 1.4815580182768699 5.6225258763417294</Translation>
</Transform>
</Instance>
<Instance name="M5 - erp33360_kilit parçasý ayaðý.IGS-1" uid="M5 - erp33360_kilit parçasý ayaðý.IGS-1" grounded="true" entityUid="M5 - erp33360_kilit parçasý ayaðý.IGS*:*Default">
<Transform>
<Rotation>0 0 0.99999999999999989 0.0055385103408260011 0.9999846623339802 0 -0.9999846623339802 0.0055385103408260011 0</Rotation>
<Translation>-0.27616194986604697 1.3496278101977199 8.1834157380206207</Translation>
</Transform>
</Instance>
<Instance name="M5 - erp33360_kilit parçasý ayaðý.IGS-2" uid="M5 - erp33360_kilit parçasý ayaðý.IGS-2" grounded="true" entityUid="M5 - erp33360_kilit parçasý ayaðý.IGS*:*Default">
<Transform>
<Rotation>0 0 0.99999999999999989 0.0055385103408260011 0.9999846623339802 0 -0.9999846623339802 0.0055385103408260011 0</Rotation>
<Translation>-0.32416194986604702 1.3496278101977199 8.1834157380206207</Translation>
</Transform>
</Instance>
<Instance name="M5 - erp33360_kilit burc _2.IGS-2" uid="M5 - erp33360_kilit burc _2.IGS-2" grounded="true" entityUid="M5 - erp33360_kilit burc _2.IGS*:*Default">
<Transform>
<Rotation>0 0 1 0.014385621347735994 0.99989652159532971 0 -0.99989652159532971 0.014385621347735994 0</Rotation>
<Translation>0.33583805013395301 1.5054501545713299 7.9967184273285108</Translation>
</Transform>
</Instance>
<Instance name="M5 - erp33360_kilit _mil.IGS-1" uid="M5 - erp33360_kilit _mil.IGS-1" grounded="true" entityUid="M5 - erp33360_kilit _mil.IGS*:*Default">
<Transform>
<Rotation>-1 0 0 0 -0.24715985100446089 -0.96897472002702556 0 -0.96897472002702556 0.24715985100446089</Rotation>
<Translation>-0.24923113338915701 1.503131410478 7.9876279362980496</Translation>
</Transform>
</Instance>
<Instance name="M5 - erp33360_mekanik kapak kilit parçasý.IGS-1" uid="M5 - erp33360_mekanik kapak kilit parçasý.IGS-1" grounded="true" entityUid="M5 - erp33360_mekanik kapak kilit parçasý.IGS*:*Default">
<Transform>
<Rotation>0 0 -1 0.0018320179434469989 0.9999983218537194 0 0.9999983218537194 -0.0018320179434469989 0</Rotation>
<Translation>-0.31166194986604701 1.21962763256082 7.0482063282584209</Translation>
</Transform>
</Instance>
<Instance name="M5 - erp33360_BURÇ2.IGS-1" uid="M5 - erp33360_BURÇ2.IGS-1" grounded="true" entityUid="M5 - erp33360_BURÇ2.IGS*:*Default">
<Transform>
<Rotation>0 0 0.99999999999999989 0.87907858045794562 -0.47667688152462684 0 0.47667688152462684 0.87907858045794562 0</Rotation>
<Translation>1.2158380501350301 3.2409663086031499 7.70630934630206</Translation>
</Transform>
</Instance>
<Instance name="M5 - erp33360_Kapak alt kapama.IGS-1" uid="M5 - erp33360_Kapak alt kapama.IGS-1" grounded="true" entityUid="M5 - erp33360_Kapak alt kapama.IGS*:*Default">
<Transform>
<Rotation>0 0 1 0.58466031093967596 -0.81127820185921495 0 0.81127820185921495 0.58466031093967596 0</Rotation>
<Translation>-1.2650645389803601 1.6617794485684401 8.0119099337232296</Translation>
</Transform>
</Instance>
<Instance name="M5 - erp33360_sallama ayak.IGS-1" uid="M5 - erp33360_sallama ayak.IGS-1" grounded="true" entityUid="M5 - erp33360_sallama ayak.IGS*:*Default">
<Transform>
<Rotation>0 0 1 0.005538510339409 0.99998466233398797 0 -0.99998466233398797 0.005538510339409 0</Rotation>
<Translation>1.26883805013486 3.0953252703099499 7.8921662778946002</Translation>
</Transform>
</Instance>
<Instance name="M5 - erp33360_KOPÝLYA1.IGS-1" uid="M5 - erp33360_KOPÝLYA1.IGS-1" grounded="true" entityUid="M5 - erp33360_KOPÝLYA1.IGS*:*Default">
<Transform>
<Rotation>0.19328015279373501 0.98114360953737578 0 -0.24249930834723701 0.047771093766619012 -0.96897472002702556 -0.95070335435778397 0.18728358194009009 0.24715985100446117</Rotation>
<Translation>-0.34116194986604698 1.52217629950712 7.9924520296560404</Translation>
</Transform>
</Instance>
<Instance name="M5 - erp3360_kapak kanca mapasý.IGS-1" uid="M5 - erp3360_kapak kanca mapasý.IGS-1" grounded="true" entityUid="M5 - erp3360_kapak kanca mapasý.IGS*:*Default">
<Transform>
<Rotation>0 0 1 -0.15096174361415793 0.98853960566331045 0 -0.98853960566331045 -0.15096174361415793 0</Rotation>
<Translation>-0.61513833809563301 4.0853577455159504 7.6943682120259798</Translation>
</Transform>
</Instance>
<Instance name="M5 - erp33360_mekanik kapak kilit parçasý.IGS-2" uid="M5 - erp33360_mekanik kapak kilit parçasý.IGS-2" grounded="true" entityUid="M5 - erp33360_mekanik kapak kilit parçasý.IGS*:*Default">
<Transform>
<Rotation>0 0 -1 0.0018320179434469989 0.9999983218537194 0 0.9999983218537194 -0.0018320179434469989 0</Rotation>
<Translation>0.34833805013395402 1.21962763256082 7.0482063282584209</Translation>
</Transform>
</Instance>
<Instance name="M5 - erp33360_KOPÝLYA3.IGS-2" uid="M5 - erp33360_KOPÝLYA3.IGS-2" grounded="true" entityUid="M5 - erp33360_KOPÝLYA3.IGS*:*Default">
<Transform>
<Rotation>0.19328015279373501 0.098101063146384948 0.97622690187557293 -0.24249930834723701 0.96889545503143959 -0.049352635902566451 -0.95070335435778397 -0.22719546348677083 0.21105770155075904</Rotation>
<Translation>0.31371331516859002 1.5252987419155899 7.9937692652718786</Translation>
</Transform>
</Instance>
<Instance name="M5 - erp33360_kilit parçasý ayaðý.IGS-3" uid="M5 - erp33360_kilit parçasý ayaðý.IGS-3" grounded="true" entityUid="M5 - erp33360_kilit parçasý ayaðý.IGS*:*Default">
<Transform>
<Rotation>0 0 0.99999999999999989 0.0055385103408260011 0.9999846623339802 0 -0.9999846623339802 0.0055385103408260011 0</Rotation>
<Translation>0.383838050133953 1.3496278101977199 8.1834157380206207</Translation>
</Transform>
</Instance>
<Instance name="M5 - erp33360_KOPÝLYA2.IGS-2" uid="M5 - erp33360_KOPÝLYA2.IGS-2" grounded="true" entityUid="M5 - erp33360_KOPÝLYA2.IGS*:*Default">
<Transform>
<Rotation>-0.19328015279373501 0.128685332270221 -0.97266791239072614 0.24249930834723701 0.96686973032382273 0.079730859989404212 0.95070335435778397 -0.22046090320517406 -0.21808283327858879</Rotation>
<Translation>0.31539141778881402 1.5304678831405101 7.9908595278530603</Translation>
</Transform>
</Instance>
<Instance name="M5 - erp33360_kapak üst sallama 20mm.IGS-1" uid="M5 - erp33360_kapak üst sallama 20mm.IGS-1" grounded="true" entityUid="M5 - erp33360_kapak üst sallama 20mm.IGS*:*Default">
<Transform>
