<?xml version="1.0" encoding="UTF-8" standalone="no" ?>
<SimscapeMultibodyImportXML version="2.0" xmlns="urn:mathworks:SimscapeMultibody:import" xmlns:xsi="http://www.w3.org/2001/XMLSchema-instance">
<Created by="" on="03/20/23||17:29:10" using="Simscape Multibody Link Version 7.4" from="SolidWorks 27.5.0"/>
<ModelUnits mass="kilogram" length="meter"/>
<DataUnits mass="kilogram" length="meter"/>
<RootAssembly name="Airport" uid="Airport" version="218">
<AssemblyFile name="Airport.SLDASM" type="SolidWorks Assembly"/>
<InstanceTree>
<Instance name="Part5-1" uid="Part5-1" entityUid="Part5*:*Default">
<Transform>
<Rotation>1 0 0 0 1 0 0 0 1</Rotation>
<Translation>0 0 0</Translation>
</Transform>
</Instance>
<Instance name="Turret-4" uid="Turret-4" entityUid="Turret*:*Default">
<Transform>
<Rotation>0.93756621840993026 0 0.34780682295852589 0.34780682295852589 0 -0.93756621840993026 0 1 0</Rotation>
<Translation>36.204565070388966 33.361607201561121 -12.149999999999991</Translation>
</Transform>
</Instance>
<Instance name="Mixer Mack Granite VR_0.step-2" uid="Mixer Mack Granite VR_0.step-2" entityUid="Mixer Mack Granite VR_0.step" rigid="true">
<Transform>
<Rotation>1 0 0 0 -3.4914813388431334e-15 -1 0 1 -3.4914813388431334e-15</Rotation>
<Translation>48.249422672139431 -219.7220632321467 73.069703610631777</Translation>
</Transform>
<Instance name="Chasis camion Mixer Granite VR.step-1" uid="Chasis camion Mixer Granite VR.step-1" grounded="true" entityUid="Chasis camion Mixer Granite VR.step*:*Default">
<Transform>
<Rotation>1 0 0 0 -3.4914813388431334e-15 1 0 -1 -3.4914813388431334e-15</Rotation>
<Translation>0 0 0</Translation>
</Transform>
</Instance>
<Instance name="Cabina Mack Granite VR.step-1" uid="Cabina Mack Granite VR.step-1" grounded="true" entityUid="Cabina Mack Granite VR.step*:*Default">
<Transform>
<Rotation>0 0 -1 -1.0000000000000005e-15 1 0 1 1.0000000000000005e-15 0</Rotation>
<Translation>0 0.85643533753665224 -1.8140615655410102</Translation>
</Transform>
</Instance>
</Instance>
<Instance name="Terminal-1" uid="Terminal-1" entityUid="Terminal*:*Default">
<Transform>
<Rotation>1.0000000000000002 0 0 0 0 -1.0000000000000002 0 1 0</Rotation>
<Translation>0 0 0</Translation>
</Transform>
</Instance>
<Instance name="Turret-3" uid="Turret-3" entityUid="Turret*:*Default">
<Transform>
<Rotation>0.93756621840993493 0 0.3478068229585129 0.3478068229585129 0 -0.93756621840993493 0 1 0</Rotation>
<Translation>61.016034290222798 81.259626029973717 -0.14999999999999997</Translation>
</Transform>
</Instance>
<Instance name="Turret-1" uid="Turret-1" entityUid="Turret*:*Default">
<Transform>
<Rotation>0.93756621840993071 0 0.34780682295852478 0.34780682295852478 0 -0.93756621840993071 0 1 0</Rotation>
<Translation>23.586840937751234 67.374602689540495 -12.149999999999991</Translation>
</Transform>
</Instance>
<Instance name="Crane-2" uid="Crane-2" entityUid="Crane" rigid="true">
<Transform>
<Rotation>0.3478068229585245 0.93756621840993071 -1.6056869094246218e-16 -0.93756621840993071 0.3478068229585245 2.7435942489416932e-16 3.1307701474645724e-16 0 1</Rotation>
<Translation>21.500000000000014 73.000000000000014 -12.149999999999991</Translation>
</Transform>
<Instance name="Deck-1" uid="Deck-1" entityUid="Deck*:*Default">
<Transform>
<Rotation>1.0000000000000002 1.2490009027033065e-16 0 0 -3.5456195757430974e-16 -1.0000000000000002 -1.2490009027032957e-16 1 -3.5456195757431023e-16</Rotation>
<Translation>-7.1054273576010019e-15 0 31.430000000000014</Translation>
</Transform>
</Instance>
<Instance name="Hook-1" uid="Hook-1" entityUid="Hook*:*Default">
<Transform>
<Rotation>1.1102230246251542e-16 -1 0 -1 0 7.0540231524055994e-16 -7.0540231524056014e-16 0 -0.99999999999999989</Rotation>
<Translation>-15.805332145966965 -7.1054273576010019e-15 73.220027020793538</Translation>
</Transform>
</Instance>
<Instance name="Tower-1" uid="Tower-1" entityUid="Tower*:*Default">
<Transform>
<Rotation>1 0 0 0 0 -1 0 1 0</Rotation>
<Translation>0 0 0</Translation>
</Transform>
</Instance>
<Instance name="Pendant-1" uid="Pendant-1" entityUid="Pendant*:*Default">
<Transform>
<Rotation>0 0.89230005219612119 0.45144281681160842 1 0 1.1735014211342335e-16 0 0.45144281681160842 -0.89230005219612107</Rotation>
<Translation>1.5524850958008045 -7.1054273576010019e-15 49.550308674855721</Translation>
</Transform>
</Instance>
<Instance name="Jib-1" uid="Jib-1" entityUid="Jib*:*Default">
<Transform>
<Rotation>-1.4432899320127031e-15 0.95433926239652156 -0.29872491065939433 -1 -1.26793387758655e-15 7.8082155918742835e-16 3.6640523655417071e-16 0.29872491065939433 0.95433926239652156</Rotation>
<Translation>-1.1590053318765641 -7.1054273576010019e-15 38.089091828453988</Translation>
</Transform>
</Instance>
<Instance name="Cable-1" uid="Cable-1" entityUid="Cable*:*Default">
<Transform>
<Rotation>0 0 -1.0000000000000002 -1.0000000000000002 -3.5456195757432606e-16 0 -3.5456195757432665e-16 1 0</Rotation>
<Translation>4.9000000000000057 0 31.430000000000007</Translation>
</Transform>
</Instance>
</Instance>
<Instance name="Turret-2" uid="Turret-2" entityUid="Turret*:*Default">
<Transform>
<Rotation>0.9375662184099296 0 0.34780682295852722 0.34780682295852722 0 -0.9375662184099296 0 0.99999999999999989 0</Rotation>
<Translation>73.633758422860325 47.246630541994314 -0.15000000000000013</Translation>
</Transform>
</Instance>
<Instance name="Crane-3" uid="Crane-3" entityUid="Crane" rigid="true">
<Transform>
<Rotation>0.34780682295852611 0.93756621840992993 -1.6056869094246154e-16 -0.93756621840992993 0.34780682295852611 2.7435942489417095e-16 3.1307701474645808e-16 0 1</Rotation>
<Translation>65.600000000000023 40.000000000000014 -12.149999999999995</Translation>
</Transform>
<Instance name="Deck-1" uid="Deck-1" entityUid="Deck*:*Default">
<Transform>
<Rotation>1 1.2490009027033011e-16 0 0 -3.5456195757431004e-16 -0.99999999999999978 -1.2490009027033006e-16 1 -3.5456195757430984e-16</Rotation>
<Translation>1.7763568394002505e-15 0 31.43000000000001</Translation>
</Transform>
</Instance>
<Instance name="Hook-1" uid="Hook-1" entityUid="Hook*:*Default">
<Transform>
<Rotation>0 -1.0000000000000002 0 -1 0 7.0540231524055994e-16 -7.0540231524055984e-16 0 -1.0000000000000002</Rotation>
<Translation>-15.805332145966965 0 73.220027020793552</Translation>
</Transform>
</Instance>
<Instance name="Tower-1" uid="Tower-1" entityUid="Tower*:*Default">
<Transform>
<Rotation>1.0000000000000002 0 0 0 0 -1 0 1.0000000000000002 0</Rotation>
<Translation>0 0 0</Translation>
</Transform>
</Instance>
<Instance name="Pendant-1" uid="Pendant-1" entityUid="Pendant*:*Default">
<Transform>
<Rotation>0 0.89230005219612096 0.45144281681160847 1 0 1.1735014211342524e-16 0 0.45144281681160847 -0.89230005219612096</Rotation>
<Translation>1.5524850958008169 0 49.550308674855714</Translation>
</Transform>
</Instance>
<Instance name="Jib-1" uid="Jib-1" entityUid="Jib*:*Default">
<Transform>
<Rotation>-1.4988010832439613e-15 0.95433926239652178 -0.29872491065939449 -1 -1.3158020019604413e-15 7.881256480763435e-16 3.6640523655417125e-16 0.29872491065939449 0.95433926239652178</Rotation>
<Translation>-1.1590053318765623 0 38.089091828453988</Translation>
</Transform>
</Instance>
<Instance name="Cable-1" uid="Cable-1" entityUid="Cable*:*Default">
<Transform>
<Rotation>0 0 -1 -1 -3.5456195757432636e-16 0 -3.5456195757432626e-16 1 0</Rotation>
<Translation>4.8999999999999968 0 31.43000000000001</Translation>
</Transform>
</Instance>
</Instance>
<Instance name="Crane-1" uid="Crane-1" entityUid="Crane" rigid="true">
<Transform>
<Rotation>0.93756621840992893 -0.34780682295852888 -1.6925640698330401e-16 0.34780682295852888 0.93756621840992893 2.5675215235371584e-16 0 -2.9959067772912202e-16 1</Rotation>
<Translation>13.000000000000004 45.000000000000007 -12.14999999999999</Translation>
</Transform>
<Instance name="Deck-1" uid="Deck-1" entityUid="Deck*:*Default">
<Transform>
<Rotation>1 1.2490009027033011e-16 0 0 -3.5456195757430989e-16 -0.99999999999999989 -1.2490009027033011e-16 1 -3.5456195757430994e-16</Rotation>
<Translation>-3.5527136788005009e-15 -7.1054273576010019e-15 31.430000000000014</Translation>
</Transform>
</Instance>
<Instance name="Hook-1" uid="Hook-1" entityUid="Hook*:*Default">
<Transform>
<Rotation>1.1102230246251563e-16 -0.99999999999999989 0 -1 -1.1102230246251563e-16 7.0540231524055994e-16 -7.0540231524055994e-16 0 -1</Rotation>
<Translation>-15.805332145966972 -7.1054273576010019e-15 73.220027020793538</Translation>
</Transform>
</Instance>
<Instance name="Tower-1" uid="Tower-1" entityUid="Tower*:*Default">
<Transform>
<Rotation>1.0000000000000002 0 0 0 0 -1 0 1.0000000000000002 0</Rotation>
<Translation>0 0 0</Translation>
</Transform>
</Instance>
<Instance name="Pendant-1" uid="Pendant-1" entityUid="Pendant*:*Default">
<Transform>
<Rotation>0 0.89230005219612107 0.45144281681160847 1 0 1.0079132368139337e-16 0 0.45144281681160847 -0.89230005219612107</Rotation>
<Translation>1.5524850958008081 -7.1054273576010019e-15 49.550308674855714</Translation>
</Transform>
</Instance>
<Instance name="Jib-1" uid="Jib-1" entityUid="Jib*:*Default">
<Transform>
<Rotation>-1.4988010832439613e-15 0.95433926239652156 -0.29872491065939449 -1 -1.2552293742954338e-15 7.9655630260464333e-16 3.664052365541711e-16 0.29872491065939444 0.95433926239652167</Rotation>
<Translation>-1.1590053318765676 -7.1054273576010019e-15 38.089091828453988</Translation>
</Transform>
</Instance>
<Instance name="Cable-1" uid="Cable-1" entityUid="Cable*:*Default">
<Transform>
<Rotation>0 0 -1 -1 -3.5456195757432626e-16 0 -3.5456195757432636e-16 1 0</Rotation>
<Translation>4.8999999999999986 -7.1054273576010019e-15 31.430000000000014</Translation>
</Transform>
</Instance>
</Instance>
<Instance name="Crane-4" uid="Crane-4" entityUid="Crane" rigid="true">
<Transform>
<Rotation>0.93756621840992882 -0.34780682295852899 -1.6925640698330401e-16 0.34780682295852899 0.93756621840992882 2.5675215235371461e-16 0 -2.9959067772912088e-16 0.99999999999999989</Rotation>
<Translation>75.500000000000014 68.000000000000014 -0.15000000000000033</Translation>
</Transform>
<Instance name="Deck-1" uid="Deck-1" entityUid="Deck*:*Default">
<Transform>
<Rotation>0.99999999999999989 1.2490009027033006e-16 0 0 -3.5456195757430994e-16 -0.99999999999999989 -1.2490009027033006e-16 1 -3.5456195757430989e-16</Rotation>
<Translation>0 7.1054273576010019e-15 31.430000000000003</Translation>
</Transform>
</Instance>
<Instance name="Hook-1" uid="Hook-1" entityUid="Hook*:*Default">
<Transform>
<Rotation>1.1102230246251563e-16 -1.0000000000000002 0 -0.99999999999999989 0 7.0540231524055984e-16 -7.0540231524055974e-16 0 -0.99999999999999989</Rotation>
<Translation>-15.805332145966972 7.1054273576010019e-15 73.220027020793495</Translation>
</Transform>
</Instance>
<Instance name="Tower-1" uid="Tower-1" entityUid="Tower*:*Default">
<Transform>
<Rotation>1 0 0 0 0 -0.99999999999999989 0 0.99999999999999989 0</Rotation>
<Translation>0 0 0</Translation>
</Transform>
</Instance>
<Instance name="Pendant-1" uid="Pendant-1" entityUid="Pendant*:*Default">
<Transform>
<Rotation>0 0.89230005219612107 0.45144281681160853 0.99999999999999989 0 1.0079132368139239e-16 0 0.45144281681160847 -0.89230005219612107</Rotation>
<Translation>1.5524850958008187 7.1054273576010019e-15 49.550308674855714</Translation>
</Transform>
</Instance>
<Instance name="Jib-1" uid="Jib-1" entityUid="Jib*:*Default">
<Transform>
<Rotation>-1.4988010832439613e-15 0.95433926239652167 -0.29872491065939449 -1 -1.3107405255266912e-15 8.1043409041245877e-16 3.66405236554171e-16 0.29872491065939438 0.95433926239652156</Rotation>
<Translation>-1.1590053318765712 7.1054273576010019e-15 38.089091828453981</Translation>
</Transform>
</Instance>
<Instance name="Cable-1" uid="Cable-1" entityUid="Cable*:*Default">
<Transform>
<Rotation>0 0 -0.99999999999999989 -0.99999999999999989 -3.5456195757432626e-16 0 -3.5456195757432631e-16 0.99999999999999978 0</Rotation>
<Translation>4.8999999999999915 7.1054273576010019e-15 31.430000000000003</Translation>
</Transform>
</Instance>
</Instance>
<Instance name="Excavator-1" uid="Excavator-1" entityUid="Excavator" rigid="true">
<Transform>
<Rotation>1 0 0 0 -3.4914813388431334e-15 -1 0 1 -3.4914813388431334e-15</Rotation>
<Translation>49.98575107124249 -60.851895148037457 4.0550980040942939</Translation>
</Transform>
<Instance name="7. Bucket Linkage 2-1" uid="7. Bucket Linkage 2-1" entityUid="7. Bucket Linkage 2*:*Default">
<Transform>
<Rotation>0.0155586812521776 -0.024832031381460274 0.99957055661677197 0.84740480846810018 0.53094735198995247 0 -0.53071934016279798 0.84704089608018795 0.029303623407979606</Rotation>
<Translation>-0.28187052986960026 2.9565020899883425 9.6148342651338226</Translation>
</Transform>
</Instance>
<Instance name="Under Carriage-1" uid="Under Carriage-1" entityUid="Under Carriage" rigid="true">
<Transform>
<Rotation>1 0 0 0 1 0 0 0 1</Rotation>
<Translation>0 0 0</Translation>
</Transform>
<Instance name="05. Shoe-14" uid="05. Shoe-14" entityUid="05. Shoe*:*Default">
<Transform>
<Rotation>0 0 -1 -0.089253075017603684 0.99600898018035056 0 0.99600898018035056 0.089253075017603684 0</Rotation>
<Translation>1.6000000000000014 0.60017435739533909 1.0028227998383699</Translation>
</Transform>
</Instance>
<Instance name="05. Shoe-15" uid="05. Shoe-15" entityUid="05. Shoe*:*Default">
<Transform>
<Rotation>0 0 -1 -0.10061515122749853 0.99492541999059791 0 0.99492541999059791 0.10061515122749853 0</Rotation>
<Translation>1.6000000000000014 0.56354370364129114 1.3469955809207832</Translation>
</Transform>
</Instance>
<Instance name="05. Shoe-16" uid="05. Shoe-16" entityUid="05. Shoe*:*Default">
<Transform>
<Rotation>0 0 -1 -0.1170374757844493 0.99312749899597708 0 0.99312749899597708 0.1170374757844493 0</Rotation>
<Translation>1.6000000000000014 0.52103612899756691 1.6899824775179866</Translation>
</Transform>
</Instance>
<Instance name="05. Shoe-18" uid="05. Shoe-18" entityUid="05. Shoe*:*Default">
<Transform>
<Rotation>0 0 -1 -0.1657142252898352 0.98617381608750387 0 0.98617381608750387 0.1657142252898352 0</Rotation>
<Translation>1.6000000000000014 0.41117552520534861 2.3707371488527684</Translation>
</Transform>
</Instance>
<Instance name="05. Shoe-20" uid="05. Shoe-20" entityUid="05. Shoe*:*Default">
<Transform>
<Rotation>0 0 -1 -0.86212529646468805 0.50669514818643557 0 0.50669514818643557 0.86212529646468805 0</Rotation>
<Translation>1.6000000000000014 0.05490579876507784 2.7925795795188009</Translation>
</Transform>
</Instance>
<Instance name="05. Shoe-17" uid="05. Shoe-17" entityUid="05. Shoe*:*Default">
<Transform>
<Rotation>0 0 -1 -0.1386779191809909 0.99033753575820349 0 0.99033753575820349 0.1386779191809909 0</Rotation>
<Translation>1.6000000000000014 0.4708609142396174 2.0314030868727428</Translation>
</Transform>
</Instance>
<Instance name="05. Shoe-19" uid="05. Shoe-19" entityUid="05. Shoe*:*Default">
<Transform>
<Rotation>0 0 -1 -0.19830640032624838 0.98014007753465837 0 0.98014007753465837 0.19830640032624836 0</Rotation>
<Translation>1.6000000000000014 0.34009480987363983 2.7072880370835364</Translation>
</Transform>
</Instance>
<Instance name="05. Shoe-21" uid="05. Shoe-21" entityUid="05. Shoe*:*Default">
<Transform>
<Rotation>0 0 -1 -0.93509085419358451 -0.35440809020606817 0 -0.35440809020606817 0.93509085419358451 0</Rotation>
<Translation>1.6000000000000014 -0.18682647873035396 2.6188518921728701</Translation>
</Transform>
</Instance>
<Instance name="05. Shoe-22" uid="05. Shoe-22" entityUid="05. Shoe*:*Default">
<Transform>
<Rotation>0 0 -0.99999999999999978 -0.4800524544715945 -0.87723978532428515 0 -0.87723978532428515 0.4800524544715945 0</Rotation>
<Translation>1.6000000000000014 -0.27784809271576361 2.3335153980623318</Translation>
</Transform>
</Instance>
<Instance name="05. Shoe-23" uid="05. Shoe-23" entityUid="05. Shoe*:*Default">
<Transform>
<Rotation>0 0 -1 -0.023667776493206918 -0.99971987894403103 0 -0.99971987894403103 0.023667776493206918 0</Rotation>
<Translation>1.6000000000000014 -0.25020621967143564 2.0259700285888727</Translation>
</Transform>
</Instance>
<Instance name="05. Shoe-24" uid="05. Shoe-24" entityUid="05. Shoe*:*Default">
<Transform>
<Rotation>0 0 -1 -0.010233599841697869 -0.99994763534611164 0 -0.99994763534611164 0.010233599841697869 0</Rotation>
<Translation>1.6000000000000014 -0.25182885237615515 1.6800576778165848</Translation>
</Transform>
</Instance>
<Instance name="05. Shoe-25" uid="05. Shoe-25" entityUid="05. Shoe*:*Default">
<Transform>
<Rotation>0 0 -0.99999999999999989 -0.010233599841701232 -0.99994763534611153 0 -0.99994763534611153 0.010233599841701232 0</Rotation>
<Translation>1.6000000000000014 -0.25413253537699498 1.3328130694428353</Translation>
</Transform>
</Instance>
<Instance name="05. Shoe-27" uid="05. Shoe-27" entityUid="05. Shoe*:*Default">
<Transform>
<Rotation>0 0 -1 -0.010233599841698277 -0.99994763534611142 0 -0.99994763534611142 0.010233599841698277 0</Rotation>
<Translation>1.6000000000000014 -0.25873990137869285 0.63832385269534342</Translation>
</Transform>
</Instance>
<Instance name="05. Shoe-28" uid="05. Shoe-28" entityUid="05. Shoe*:*Default">
<Transform>
<Rotation>0 0 -1 -0.010233599841707526 -0.99994763534611153 0 -0.99994763534611153 0.010233599841707526 0</Rotation>
<Translation>1.6000000000000014 -0.26104358437950781 0.29107924432160104</Translation>
</Transform>
</Instance>
<Instance name="05. Shoe-30" uid="05. Shoe-30" entityUid="05. Shoe*:*Default">
<Transform>
<Rotation>0 0 -0.99999999999999989 -0.01023359984170137 -0.99994763534611153 0 -0.99994763534611153 0.01023359984170137 0</Rotation>
<Translation>1.6000000000000014 -0.26565095038122655 -0.40340997242587662</Translation>
</Transform>
</Instance>
<Instance name="05. Shoe-31" uid="05. Shoe-31" entityUid="05. Shoe*:*Default">
<Transform>
<Rotation>0 0 -0.99999999999999989 -0.01023359984170137 -0.99994763534611153 0 -0.99994763534611153 0.01023359984170137 0</Rotation>
<Translation>1.6000000000000014 -0.26795463338207526 -0.75065458079961189</Translation>
</Transform>
</Instance>
<Instance name="05. Shoe-29" uid="05. Shoe-29" entityUid="05. Shoe*:*Default">
<Transform>
<Rotation>0 0 -1 -0.010233599841700507 -0.99994763534611153 0 -0.99994763534611153 0.010233599841700507 0</Rotation>
<Translation>1.6000000000000014 -0.26334726738037784 -0.056165364052134237</Translation>
</Transform>
</Instance>
<Instance name="05. Shoe-26" uid="05. Shoe-26" entityUid="05. Shoe*:*Default">
<Transform>
<Rotation>0 0 -1 -0.010233599841698415 -0.99994763534611175 0 -0.99994763534611175 0.010233599841698415 0</Rotation>
<Translation>1.6000000000000014 -0.25643621837785613 0.98556846106910001</Translation>
</Transform>
</Instance>
<Instance name="05. Shoe-32" uid="05. Shoe-32" entityUid="05. Shoe*:*Default">
<Transform>
<Rotation>0 0 -0.99999999999999989 -0.01023359984170137 -0.99994763534611153 0 -0.99994763534611153 0.01023359984170137 0</Rotation>
<Translation>1.6000000000000014 -0.27025831638291642 -1.0978991891733543</Translation>
</Transform>
</Instance>
<Instance name="01. Under Carriage Frame-1" uid="01. Under Carriage Frame-1" entityUid="01. Under Carriage Frame*:*Default">
<Transform>
<Rotation>1 0 0 0 1 0 0 0 1</Rotation>
<Translation>0 0 0</Translation>
</Transform>
</Instance>
<Instance name="03. Wheel Driving-1" uid="03. Wheel Driving-1" entityUid="03. Wheel Driving*:*Default">
<Transform>
<Rotation>1.2148267540952719e-16 0 1 0.12638453808403416 0.99198132468977729 0 -0.99198132468977729 0.12638453808403416 1.2246467991473387e-16</Rotation>
<Translation>1.6004999999999967 0.15382142857142433 2.3530000000000015</Translation>
</Transform>
</Instance>
<Instance name="02. Wheel Driven-1" uid="02. Wheel Driven-1" entityUid="02. Wheel Driven*:*Default">
<Transform>
<Rotation>0 0 -1 0.99389650032565324 0.11031657464052819 0 0.11031657464052819 -0.99389650032565324 0</Rotation>
<Translation>1.7629999999999981 0.1274999999999995 -2.2175000000000011</Translation>
</Transform>
</Instance>
<Instance name="04. Wheel Cap-1" uid="04. Wheel Cap-1" entityUid="04. Wheel Cap*:*Default">
<Transform>
<Rotation>1.2148267540952756e-16 0 1 0.12638453808403416 0.99198132468977729 0 -0.99198132468977729 0.12638453808403416 1.2246467991473424e-16</Rotation>
<Translation>1.7210000000000036 0.15382142857142878 2.3530000000000015</Translation>
</Transform>
</Instance>
<Instance name="05. Shoe-9" uid="05. Shoe-9" entityUid="05. Shoe*:*Default">
<Transform>
<Rotation>0 0 -0.99999999999999989 0.27813788553580882 0.96054115821742336 0 0.96054115821742336 -0.27813788553580882 0</Rotation>
<Translation>1.6000000000000014 0.61803079904115599 -0.68976731310133488</Translation>
</Transform>
</Instance>
<Instance name="05. Shoe-10" uid="05. Shoe-10" entityUid="05. Shoe*:*Default">
<Transform>
<Rotation>0 0 -0.99999999999999989 0.178660660444664 0.98391075225829128 0 0.98391075225829128 -0.178660660444664 0</Rotation>
<Translation>1.6000000000000014 0.671629481506689 -0.35668359095520685</Translation>
</Transform>
</Instance>
<Instance name="05. Shoe-11" uid="05. Shoe-11" entityUid="05. Shoe*:*Default">
<Transform>
<Rotation>0 0 -1 0.051635325662284626 0.99866600680295015 0 0.99866600680295015 -0.051635325662284626 0</Rotation>
<Translation>1.6000000000000014 0.68061174897560228 -0.021811801941346687</Translation>
</Transform>
</Instance>
<Instance name="05. Shoe-4" uid="05. Shoe-4" entityUid="05. Shoe*:*Default">
<Transform>
<Rotation>0 0 -1 0.67095490897685484 0.74149815247231765 0 0.74149815247231765 -0.67095490897685484 0</Rotation>
<Translation>1.6000000000000014 0.55502998700557704 -2.3018175675310246</Translation>
</Transform>
</Instance>
<Instance name="05. Shoe-12" uid="05. Shoe-12" entityUid="05. Shoe*:*Default">
<Transform>
<Rotation>0 0 -0.99999999999999989 -0.034925775717279076 0.99938990898975277 0 0.99938990898975277 0.034925775717279076 0</Rotation>
<Translation>1.6000000000000014 0.66292065178520954 0.31656204780489361</Translation>
</Transform>
</Instance>
<Instance name="05. Shoe-13" uid="05. Shoe-13" entityUid="05. Shoe*:*Default">
<Transform>
<Rotation>0 0 -0.99999999999999989 -0.077575161834014666 0.99698650656186227 0 0.99698650656186227 0.077575161834014666 0</Rotation>
<Translation>1.6000000000000014 0.63288696402829725 0.65828593792556944</Translation>
</Transform>
</Instance>
<Instance name="05. Shoe-5" uid="05. Shoe-5" entityUid="05. Shoe*:*Default">
<Transform>
<Rotation>0 0 -0.99999999999999989 0.033538331259201998 0.9994374319267556 0 0.9994374319267556 -0.033538331259201998 0</Rotation>
<Translation>1.6000000000000014 0.5083995354918196 -2.005823629458888</Translation>
</Transform>
</Instance>
<Instance name="05. Shoe-2" uid="05. Shoe-2" entityUid="05. Shoe*:*Default">
<Transform>
<Rotation>0 0 -0.99999999999999989 0.84265457102468322 -0.53845452354976742 0 -0.53845452354976742 -0.84265457102468322 0</Rotation>
<Translation>1.6000000000000014 0.11537534299692087 -2.6530965273919094</Translation>
</Transform>
</Instance>
<Instance name="05. Shoe-7" uid="05. Shoe-7" entityUid="05. Shoe*:*Default">
<Transform>
<Rotation>0 0 -1 0.24635794253169105 0.96917891235393272 0 0.96917891235393272 -0.24635794253169105 0</Rotation>
<Translation>1.6000000000000014 0.41700782587122642 -1.357974438529844</Translation>
</Transform>
</Instance>
<Instance name="05. Shoe-6" uid="05. Shoe-6" entityUid="05. Shoe*:*Default">
<Transform>
<Rotation>0 0 -0.99999999999999989 -0.54177506130285125 0.84052351719050178 0 0.84052351719050178 0.54177506130285125 0</Rotation>
<Translation>1.6000000000000014 0.30691852629599037 -1.7799471780193841</Translation>
</Transform>
</Instance>
<Instance name="05. Shoe-1" uid="05. Shoe-1" entityUid="05. Shoe*:*Default">
<Transform>
<Rotation>0 0 -1 0.29694877274540554 -0.95489341099674463 0 -0.95489341099674463 -0.29694877274540554 0</Rotation>
<Translation>1.6000000000000014 -0.16300522031683817 -2.5421475976158732</Translation>
</Transform>
</Instance>
<Instance name="05. Shoe-3" uid="05. Shoe-3" entityUid="05. Shoe*:*Default">
<Transform>
<Rotation>0 0 -0.99999999999999989 0.99112215579193685 0.13295439931925523 0 0.13295439931925523 -0.99112215579193685 0</Rotation>
<Translation>1.6000000000000014 0.39951033796321234 -2.5579434138362487</Translation>
</Transform>
</Instance>
<Instance name="05. Shoe-8" uid="05. Shoe-8" entityUid="05. Shoe*:*Default">
<Transform>
<Rotation>0 0 -1 0.30068087043240022 0.95372481049620106 0 0.95372481049620106 -0.30068087043240022 0</Rotation>
<Translation>1.6000000000000014 0.52443433576866916 -1.0217426051979501</Translation>
</Transform>
</Instance>
<Instance name="05. Shoe-41" uid="05. Shoe-41" entityUid="05. Shoe*:*Default">
<Transform>
<Rotation>0 0 -1 0.033538331259201998 0.9994374319267556 0 0.9994374319267556 -0.033538331259201998 0</Rotation>
<Translation>-1.6000000000000014 0.50839953549181871 -2.005823629458888</Translation>
</Transform>
</Instance>
<Instance name="05. Shoe-34" uid="05. Shoe-34" entityUid="05. Shoe*:*Default">
<Transform>
<Rotation>0 0 -0.99999999999999989 -0.01023359984170137 -0.99994763534611153 0 -0.99994763534611153 0.01023359984170137 0</Rotation>
<Translation>1.6000000000000014 -0.2748656823846205 -1.7923884059208319</Translation>
</Transform>
</Instance>
<Instance name="05. Shoe-44" uid="05. Shoe-44" entityUid="05. Shoe*:*Default">
<Transform>
<Rotation>0 0 -1 0.30068087043240016 0.95372481049620084 0 0.95372481049620084 -0.30068087043240016 0</Rotation>
<Translation>-1.6000000000000014 0.52443433576866916 -1.0217426051979501</Translation>
</Transform>
</Instance>
<Instance name="05. Shoe-35" uid="05. Shoe-35" entityUid="05. Shoe*:*Default">
<Transform>
<Rotation>0 0 -0.99999999999999989 -0.01023359984170137 -0.99994763534611153 0 -0.99994763534611153 0.01023359984170137 0</Rotation>
<Translation>1.6000000000000014 -0.27716936538546877 -2.1396330142945743</Translation>
</Transform>
</Instance>
<Instance name="05. Shoe-37" uid="05. Shoe-37" entityUid="05. Shoe*:*Default">
<Transform>
<Rotation>0 0 -1 0.29694877274540549 -0.95489341099674452 0 -0.95489341099674441 -0.29694877274540549 0</Rotation>
<Translation>-1.6000000000000014 -0.16300522031683817 -2.5421475976158732</Translation>
</Transform>
</Instance>
<Instance name="05. Shoe-38" uid="05. Shoe-38" entityUid="05. Shoe*:*Default">
<Transform>
<Rotation>0 0 -1 0.84265457102468344 -0.53845452354976742 0 -0.53845452354976753 -0.84265457102468322 0</Rotation>
<Translation>-1.6000000000000014 0.11537534299692087 -2.6530965273919094</Translation>
</Transform>
</Instance>
<Instance name="05. Shoe-33" uid="05. Shoe-33" entityUid="05. Shoe*:*Default">
<Transform>
<Rotation>0 0 -0.99999999999999989 -0.01023359984170137 -0.99994763534611153 0 -0.99994763534611153 0.01023359984170137 0</Rotation>
<Translation>1.6000000000000014 -0.27256199938377179 -1.4451437975470895</Translation>
</Transform>
</Instance>
<Instance name="05. Shoe-39" uid="05. Shoe-39" entityUid="05. Shoe*:*Default">
<Transform>
<Rotation>0 0 -1 0.99112215579193685 0.13295439931925523 0 0.13295439931925523 -0.99112215579193685 0</Rotation>
<Translation>-1.6000000000000014 0.39951033796321322 -2.5579434138362487</Translation>
</Transform>
</Instance>
<Instance name="05. Shoe-40" uid="05. Shoe-40" entityUid="05. Shoe*:*Default">
<Transform>
<Rotation>0 0 -1 0.67095490897685484 0.74149815247231765 0 0.74149815247231765 -0.67095490897685484 0</Rotation>
<Translation>-1.6000000000000014 0.55502998700557704 -2.3018175675310246</Translation>
</Transform>
</Instance>
<Instance name="05. Shoe-42" uid="05. Shoe-42" entityUid="05. Shoe*:*Default">
<Transform>
<Rotation>0 0 -1 -0.54177506130285125 0.84052351719050178 0 0.84052351719050178 0.54177506130285125 0</Rotation>
<Translation>-1.6000000000000014 0.30691852629599037 -1.7799471780193841</Translation>
</Transform>
</Instance>
<Instance name="05. Shoe-43" uid="05. Shoe-43" entityUid="05. Shoe*:*Default">
<Transform>
<Rotation>0 0 -1 0.24635794253169105 0.96917891235393272 0 0.96917891235393272 -0.24635794253169105 0</Rotation>
<Translation>-1.6000000000000014 0.41700782587122642 -1.357974438529844</Translation>
</Transform>
</Instance>
<Instance name="05. Shoe-45" uid="05. Shoe-45" entityUid="05. Shoe*:*Default">
<Transform>
<Rotation>0 0 -1 0.27813788553580887 0.96054115821742347 0 0.96054115821742347 -0.27813788553580887 0</Rotation>
<Translation>-1.6000000000000014 0.61803079904115599 -0.68976731310133488</Translation>
</Transform>
</Instance>
<Instance name="05. Shoe-68" uid="05. Shoe-68" entityUid="05. Shoe*:*Default">
<Transform>
<Rotation>0 0 -1 -0.01023359984170137 -0.99994763534611153 0 -0.99994763534611153 0.01023359984170137 0</Rotation>
<Translation>-1.6000000000000014 -0.27025831638291642 -1.0978991891733543</Translation>
</Transform>
</Instance>
<Instance name="05. Shoe-70" uid="05. Shoe-70" entityUid="05. Shoe*:*Default">
<Transform>
<Rotation>0 0 -1 -0.01023359984170137 -0.99994763534611153 0 -0.99994763534611153 0.01023359984170137 0</Rotation>
<Translation>-1.6000000000000014 -0.2748656823846205 -1.7923884059208319</Translation>
</Transform>
</Instance>
<Instance name="05. Shoe-62" uid="05. Shoe-62" entityUid="05. Shoe*:*Default">
<Transform>
<Rotation>0 0 -1 -0.010233599841698414 -0.99994763534611153 0 -0.99994763534611153 0.010233599841698414 0</Rotation>
<Translation>-1.6000000000000014 -0.25643621837785613 0.98556846106910001</Translation>
</Transform>
</Instance>
<Instance name="05. Shoe-51" uid="05. Shoe-51" entityUid="05. Shoe*:*Default">
<Transform>
<Rotation>0 0 -1 -0.10061515122749853 0.99492541999059791 0 0.99492541999059791 0.10061515122749853 0</Rotation>
<Translation>-1.6000000000000014 0.56354370364129114 1.3469955809207832</Translation>
</Transform>
</Instance>
<Instance name="05. Shoe-64" uid="05. Shoe-64" entityUid="05. Shoe*:*Default">
<Transform>
<Rotation>0 0 -1 -0.010233599841707526 -0.99994763534611153 0 -0.99994763534611153 0.010233599841707526 0</Rotation>
<Translation>-1.6000000000000014 -0.26104358437950781 0.29107924432160104</Translation>
</Transform>
</Instance>
<Instance name="05. Shoe-50" uid="05. Shoe-50" entityUid="05. Shoe*:*Default">
<Transform>
<Rotation>0 0 -1 -0.089253075017603697 0.99600898018035056 0 0.99600898018035078 0.089253075017603684 0</Rotation>
<Translation>-1.6000000000000014 0.60017435739533909 1.0028227998383699</Translation>
</Transform>
</Instance>
<Instance name="05. Shoe-49" uid="05. Shoe-49" entityUid="05. Shoe*:*Default">
<Transform>
<Rotation>0 0 -1 -0.07757516183401468 0.99698650656186238 0 0.99698650656186238 0.07757516183401468 0</Rotation>
<Translation>-1.6000000000000014 0.63288696402829725 0.65828593792556944</Translation>
</Transform>
</Instance>
<Instance name="05. Shoe-47" uid="05. Shoe-47" entityUid="05. Shoe*:*Default">
<Transform>
<Rotation>0 0 -1 0.051635325662284626 0.99866600680295015 0 0.99866600680295015 -0.051635325662284626 0</Rotation>
<Translation>-1.6000000000000014 0.68061174897560228 -0.021811801941346687</Translation>
</Transform>
</Instance>
<Instance name="05. Shoe-48" uid="05. Shoe-48" entityUid="05. Shoe*:*Default">
<Transform>
<Rotation>0 0 -1 -0.034925775717279076 0.99938990898975277 0 0.99938990898975277 0.034925775717279076 0</Rotation>
<Translation>-1.6000000000000014 0.66292065178520954 0.31656204780489361</Translation>
</Transform>
</Instance>
<Instance name="05. Shoe-53" uid="05. Shoe-53" entityUid="05. Shoe*:*Default">
<Transform>
<Rotation>0 0 -1 -0.13867791918099087 0.99033753575820327 0 0.99033753575820327 0.13867791918099087 0</Rotation>
<Translation>-1.6000000000000014 0.4708609142396174 2.0314030868727428</Translation>
</Transform>
</Instance>
<Instance name="05. Shoe-54" uid="05. Shoe-54" entityUid="05. Shoe*:*Default">
<Transform>
<Rotation>0 0 -1 -0.1657142252898352 0.98617381608750387 0 0.98617381608750387 0.1657142252898352 0</Rotation>
<Translation>-1.6000000000000014 0.4111755252053495 2.3707371488527684</Translation>
</Transform>
</Instance>
<Instance name="05. Shoe-55" uid="05. Shoe-55" entityUid="05. Shoe*:*Default">
<Transform>
<Rotation>0 0 -1 -0.19830640032624833 0.98014007753465826 0 0.98014007753465815 0.19830640032624836 0</Rotation>
<Translation>-1.6000000000000014 0.34009480987363983 2.7072880370835364</Translation>
</Transform>
</Instance>
<Instance name="05. Shoe-58" uid="05. Shoe-58" entityUid="05. Shoe*:*Default">
<Transform>
<Rotation>0 0 -1 -0.4800524544715945 -0.87723978532428515 0 -0.87723978532428515 0.4800524544715945 0</Rotation>
<Translation>-1.6000000000000014 -0.27784809271576361 2.3335153980623318</Translation>
</Transform>
</Instance>
<Instance name="05. Shoe-60" uid="05. Shoe-60" entityUid="05. Shoe*:*Default">
<Transform>
<Rotation>0 0 -1 -0.010233599841697869 -0.99994763534611164 0 -0.99994763534611164 0.010233599841697869 0</Rotation>
<Translation>-1.6000000000000014 -0.25182885237615515 1.6800576778165848</Translation>
</Transform>
</Instance>
<Instance name="05. Shoe-63" uid="05. Shoe-63" entityUid="05. Shoe*:*Default">
<Transform>
<Rotation>0 0 -1 -0.010233599841698278 -0.99994763534611164 0 -0.99994763534611164 0.010233599841698278 0</Rotation>
<Translation>-1.6000000000000014 -0.25873990137869285 0.63832385269534342</Translation>
</Transform>
</Instance>
<Instance name="05. Shoe-52" uid="05. Shoe-52" entityUid="05. Shoe*:*Default">
<Transform>
<Rotation>0 0 -1 -0.1170374757844493 0.99312749899597708 0 0.99312749899597708 0.1170374757844493 0</Rotation>
<Translation>-1.6000000000000014 0.52103612899756691 1.6899824775179866</Translation>
</Transform>
</Instance>
<Instance name="05. Shoe-65" uid="05. Shoe-65" entityUid="05. Shoe*:*Default">
<Transform>
<Rotation>0 0 -1 -0.010233599841700507 -0.99994763534611153 0 -0.99994763534611153 0.010233599841700507 0</Rotation>
<Translation>-1.6000000000000014 -0.26334726738037784 -0.056165364052134237</Translation>
</Transform>
</Instance>
<Instance name="05. Shoe-66" uid="05. Shoe-66" entityUid="05. Shoe*:*Default">
<Transform>
<Rotation>0 0 -1 -0.01023359984170137 -0.99994763534611153 0 -0.99994763534611153 0.01023359984170137 0</Rotation>
<Translation>-1.6000000000000014 -0.26565095038122655 -0.40340997242587662</Translation>
</Transform>
</Instance>
<Instance name="05. Shoe-67" uid="05. Shoe-67" entityUid="05. Shoe*:*Default">
<Transform>
<Rotation>0 0 -1 -0.01023359984170137 -0.99994763534611153 0 -0.99994763534611153 0.01023359984170137 0</Rotation>
<Translation>-1.6000000000000014 -0.26795463338207526 -0.75065458079961189</Translation>
</Transform>
</Instance>
<Instance name="05. Shoe-56" uid="05. Shoe-56" entityUid="05. Shoe*:*Default">
<Transform>
<Rotation>0 0 -1 -0.86212529646468805 0.50669514818643557 0 0.50669514818643557 0.86212529646468805 0</Rotation>
<Translation>-1.6000000000000014 0.05490579876507784 2.7925795795188009</Translation>
</Transform>
</Instance>
<Instance name="05. Shoe-57" uid="05. Shoe-57" entityUid="05. Shoe*:*Default">
<Transform>
<Rotation>0 0 -1 -0.93509085419358451 -0.35440809020606817 0 -0.35440809020606817 0.93509085419358451 0</Rotation>
<Translation>-1.6000000000000014 -0.18682647873035396 2.6188518921728701</Translation>
</Transform>
</Instance>
<Instance name="05. Shoe-61" uid="05. Shoe-61" entityUid="05. Shoe*:*Default">
<Transform>
<Rotation>0 0 -1 -0.010233599841701232 -0.99994763534611153 0 -0.99994763534611153 0.010233599841701232 0</Rotation>
<Translation>-1.6000000000000014 -0.25413253537699498 1.3328130694428353</Translation>
</Transform>
</Instance>
<Instance name="05. Shoe-46" uid="05. Shoe-46" entityUid="05. Shoe*:*Default">
<Transform>
<Rotation>0 0 -1 0.178660660444664 0.98391075225829128 0 0.98391075225829128 -0.178660660444664 0</Rotation>
<Translation>-1.6000000000000014 0.671629481506689 -0.35668359095520685</Translation>
</Transform>
</Instance>
<Instance name="05. Shoe-59" uid="05. Shoe-59" entityUid="05. Shoe*:*Default">
<Transform>
<Rotation>0 0 -1 -0.023667776493206911 -0.9997198789440308 0 -0.9997198789440308 0.023667776493206911 0</Rotation>
<Translation>-1.6000000000000014 -0.25020621967143564 2.0259700285888727</Translation>
</Transform>
</Instance>
<Instance name="05. Shoe-69" uid="05. Shoe-69" entityUid="05. Shoe*:*Default">
<Transform>
<Rotation>0 0 -1 -0.01023359984170137 -0.99994763534611153 0 -0.99994763534611153 0.01023359984170137 0</Rotation>
<Translation>-1.6000000000000014 -0.27256199938377179 -1.4451437975470895</Translation>
</Transform>
</Instance>
<Instance name="05. Shoe-71" uid="05. Shoe-71" entityUid="05. Shoe*:*Default">
<Transform>
<Rotation>0 0 -1 -0.01023359984170137 -0.99994763534611153 0 -0.99994763534611153 0.01023359984170137 0</Rotation>
<Translation>-1.6000000000000014 -0.27716936538546877 -2.1396330142945743</Translation>
</Transform>
</Instance>
<Instance name="03. Wheel Driving-2" uid="03. Wheel Driving-2" entityUid="03. Wheel Driving*:*Default">
<Transform>
<Rotation>1.2148267540952719e-16 0 -1 -0.12638453808403416 0.99198132468977729 0 0.99198132468977729 0.12638453808403416 1.2246467991473387e-16</Rotation>
<Translation>-1.6004999999999967 0.15382142857142433 2.3530000000000015</Translation>
</Transform>
</Instance>
<Instance name="04. Wheel Cap-2" uid="04. Wheel Cap-2" entityUid="04. Wheel Cap*:*Default">
<Transform>
<Rotation>1.2148267540952756e-16 0 -1 -0.12638453808403416 0.99198132468977729 0 0.99198132468977729 0.12638453808403416 1.2246467991473424e-16</Rotation>
<Translation>-1.7210000000000036 0.15382142857142878 2.3530000000000015</Translation>
</Transform>
</Instance>
<Instance name="02. Wheel Driven-2" uid="02. Wheel Driven-2" entityUid="02. Wheel Driven*:*Default">
<Transform>
<Rotation>0 0 1 0.99389650032565302 -0.11031657464052816 0 0.11031657464052816 0.99389650032565302 0</Rotation>
<Translation>-1.7629999999999981 0.1274999999999995 -2.2175000000000011</Translation>
</Transform>
</Instance>
</Instance>
<Instance name="1. Turret Bed-1" uid="1. Turret Bed-1" entityUid="1. Turret Bed*:*Default">
<Transform>
<Rotation>-0.029303623407941938 0 -0.99957055661677308 0 1 0 0.99957055661677308 0 -0.029303623407941938</Rotation>
<Translation>-0.029816436817583281 1.3179999999999996 1.0170630413575665</Translation>
</Transform>
</Instance>
<Instance name="2. Cabin-1" uid="2. Cabin-1" entityUid="2. Cabin*:*Default">
<Transform>
<Rotation>-0.02930362340794215 0.99957055661677308 0 -1.2258616058464551e-16 0 1 0.99957055661677308 0.02930362340794215 1.2353919710544587e-16</Rotation>
<Translation>-1.3416434635402368 1.3180000000000005 -3.265217240742146</Translation>
</Transform>
</Instance>
<Instance name="3. Boom-1" uid="3. Boom-1" entityUid="3. Boom*:*Default">
<Transform>
<Rotation>-0.026849304332291681 0.011739557134948704 -0.99957055661676408 0.40061793626662429 0.91624520142889199 -1.6482146532090696e-16 0.91585172598971676 -0.4004458935446889 -0.029303623408253487</Rotation>
<Translation>-0.21279893664889471 4.8510974458237213 7.258745739057801</Translation>
</Transform>
</Instance>
<Instance name="4. Dipper-1" uid="4. Dipper-1" entityUid="4. Dipper*:*Default">
<Transform>
<Rotation>-0.019091015109217093 -0.022231407669160107 -0.99957055661676397 -0.75865729501896484 0.65148991451480476 0 0.6512101364817714 0.75833149466347505 -0.029303623408253557</Rotation>
<Translation>-0.26105831548061076 2.6800537674773022 8.9049126136686709</Translation>
</Transform>
</Instance>
<Instance name="5. Bucket-1" uid="5. Bucket-1" entityUid="5. Bucket*:*Default">
<Transform>
<Rotation>-0.012397340503985615 -0.026551992265760167 -0.99957055661676386 -0.9060992866254749 0.42306510465507008 0 0.42288342214519792 0.90571016828227868 -0.029303623408253626</Rotation>
<Translation>-0.27545258101518044 2.7743807624099217 9.395912781533923</Translation>
</Transform>
</Instance>
<Instance name="6. Bucket Linkage-1" uid="6. Bucket Linkage-1" entityUid="6. Bucket Linkage*:*Default">
<Transform>
