<?xml version="1.0" encoding="UTF-8" standalone="no" ?>
<SimscapeMultibodyImportXML version="2.0" xmlns="urn:mathworks:SimscapeMultibody:import" xmlns:xsi="http://www.w3.org/2001/XMLSchema-instance">
<Created by="" on="01/17/23||18:22:23" using="Simscape Multibody Link Version 7.4" from="SolidWorks 27.5.0"/>
<ModelUnits mass="kilogram" length="millimeter"/>
<DataUnits mass="kilogram" length="meter"/>
<RootAssembly name="truck" uid="truck" version="226">
<AssemblyFile name="truck.SLDASM" type="SolidWorks Assembly"/>
<InstanceTree>
<Instance name="MAN5.IGS-1" uid="MAN5.IGS-1" grounded="true" entityUid="MAN5.IGS" rigid="true">
<Transform>
<Rotation>1 0 0 0 1 0 0 0 1</Rotation>
<Translation>0 0 0</Translation>
</Transform>
<Instance name="M5 - Model_004_merkez_7-1.IGS-1" uid="M5 - Model_004_merkez_7-1.IGS-1" grounded="true" entityUid="M5 - Model_004_merkez_7-1.IGS*:*Default">
<Transform>
<Rotation>1 0 0 0 1 0 0 0 1</Rotation>
<Translation>0.025838050133983 -0.0014048900818089999 -0.0026649625725309999</Translation>
</Transform>
</Instance>
<Instance name="M5 - Model_004_merkez_8-1.IGS-1" uid="M5 - Model_004_merkez_8-1.IGS-1" grounded="true" entityUid="M5 - Model_004_merkez_8-1.IGS*:*Default">
<Transform>
<Rotation>1 0 0 0 1 0 0 0 1</Rotation>
<Translation>0.025838050133983 -0.0014048900818089999 -0.0026649625725309999</Translation>
</Transform>
</Instance>
<Instance name="M5 - Jant.IGS-5" uid="M5 - Jant.IGS-5" grounded="true" entityUid="M5 - Jant.IGS*:*Default">
<Transform>
<Rotation>1 0 0 0 1 0 0 0 1</Rotation>
<Translation>1.0683380501339801 0.71955801827687504 6.5</Translation>
</Transform>
</Instance>
<Instance name="M5 - Model_004_merkez-2.IGS-1" uid="M5 - Model_004_merkez-2.IGS-1" grounded="true" entityUid="M5 - Model_004_merkez-2.IGS*:*Default">
<Transform>
<Rotation>1 0 0 0 1 0 0 0 1</Rotation>
<Translation>0.025838050133983 -0.0014048900818089999 -0.0026649625725309999</Translation>
</Transform>
</Instance>
<Instance name="M5 - Model_004_merkez_3-1.IGS-1" uid="M5 - Model_004_merkez_3-1.IGS-1" grounded="true" entityUid="M5 - Model_004_merkez_3-1.IGS*:*Default">
<Transform>
<Rotation>1 0 0 0 1 0 0 0 1</Rotation>
<Translation>0.025838050133983 -0.0014048900818089999 -0.0026649625725309999</Translation>
</Transform>
</Instance>
<Instance name="M5 - Model_004_merkez_11-1.IGS-1" uid="M5 - Model_004_merkez_11-1.IGS-1" grounded="true" entityUid="M5 - Model_004_merkez_11-1.IGS*:*Default">
<Transform>
<Rotation>1 0 0 0 1 0 0 0 1</Rotation>
<Translation>0.025838050133983 -0.0014048900818089999 -0.0026649625725309999</Translation>
</Transform>
</Instance>
<Instance name="M5 - Lastik.IGS-1" uid="M5 - Lastik.IGS-1" grounded="true" entityUid="M5 - Lastik.IGS*:*Default">
<Transform>
<Rotation>1 0 0 0 1 0 0 0 1</Rotation>
<Translation>-1.0157235380684999 0.71955801827688703 1.49999999999999</Translation>
</Transform>
</Instance>
<Instance name="M5 - Jant.IGS-9" uid="M5 - Jant.IGS-9" grounded="true" entityUid="M5 - Jant.IGS*:*Default">
<Transform>
<Rotation>-1 0 0 0 0.381849318686593 -0.92422459273630297 0 -0.92422459273630297 -0.381849318686593</Rotation>
<Translation>-1.0166619498660201 0.71955801827687005 6.5</Translation>
</Transform>
</Instance>
<Instance name="M5 - Lastik.IGS-4" uid="M5 - Lastik.IGS-4" grounded="true" entityUid="M5 - Lastik.IGS*:*Default">
<Transform>
<Rotation>-1 0 0 0 0.381849318686593 -0.92422459273630297 0 -0.92422459273630297 -0.381849318686593</Rotation>
<Translation>0.75146122653894598 0.71955801827687504 6.5</Translation>
</Transform>
</Instance>
<Instance name="M5 - Model_004_merkez_2-1.IGS-1" uid="M5 - Model_004_merkez_2-1.IGS-1" grounded="true" entityUid="M5 - Model_004_merkez_2-1.IGS*:*Default">
<Transform>
<Rotation>1 0 0 0 1 0 0 0 1</Rotation>
<Translation>0.025838050133983 -0.0014048900818089999 -0.0026649625725309999</Translation>
</Transform>
</Instance>
<Instance name="M5 - Model_004_merkez_4-1.IGS-1" uid="M5 - Model_004_merkez_4-1.IGS-1" grounded="true" entityUid="M5 - Model_004_merkez_4-1.IGS*:*Default">
<Transform>
<Rotation>1 0 0 0 1 0 0 0 1</Rotation>
<Translation>0.025838050133983 -0.0014048900818089999 -0.0026649625725309999</Translation>
</Transform>
</Instance>
<Instance name="M5 - Model_004_merkez_1-1.IGS-1" uid="M5 - Model_004_merkez_1-1.IGS-1" grounded="true" entityUid="M5 - Model_004_merkez_1-1.IGS*:*Default">
<Transform>
<Rotation>1 0 0 0 1 0 0 0 1</Rotation>
<Translation>0.025838050133983 -0.0014048900818089999 -0.0026649625725309999</Translation>
</Transform>
</Instance>
<Instance name="M5 - Model_004_merkez_6-1.IGS-1" uid="M5 - Model_004_merkez_6-1.IGS-1" grounded="true" entityUid="M5 - Model_004_merkez_6-1.IGS*:*Default">
<Transform>
<Rotation>1 0 0 0 1 0 0 0 1</Rotation>
<Translation>0.025838050133983 -0.0014048900818089999 -0.0026649625725309999</Translation>
</Transform>
</Instance>
<Instance name="M5 - Model_004_merkez_5-1.IGS-1" uid="M5 - Model_004_merkez_5-1.IGS-1" grounded="true" entityUid="M5 - Model_004_merkez_5-1.IGS*:*Default">
<Transform>
<Rotation>1 0 0 0 1 0 0 0 1</Rotation>
<Translation>0.025838050133983 -0.0014048900818089999 -0.0026649625725309999</Translation>
</Transform>
</Instance>
<Instance name="M5 - Model_004_merkez_9-1.IGS-1" uid="M5 - Model_004_merkez_9-1.IGS-1" grounded="true" entityUid="M5 - Model_004_merkez_9-1.IGS*:*Default">
<Transform>
<Rotation>1 0 0 0 1 0 0 0 1</Rotation>
<Translation>0.025838050133983 -0.0014048900818089999 -0.0026649625725309999</Translation>
</Transform>
</Instance>
<Instance name="M5 - Jant.IGS-1" uid="M5 - Jant.IGS-1" grounded="true" entityUid="M5 - Jant.IGS*:*Default">
<Transform>
<Rotation>1 0 0 0 1 0 0 0 1</Rotation>
<Translation>-1.0157235380684999 0.71955801827688703 1.49999999999999</Translation>
</Transform>
</Instance>
<Instance name="M5 - Jant.IGS-2" uid="M5 - Jant.IGS-2" grounded="true" entityUid="M5 - Jant.IGS*:*Default">
<Transform>
<Rotation>-1 0 0 0 -0.56921586243488465 -0.82218811834793049 0 -0.82218811834793049 0.56921586243488465</Rotation>
<Translation>1.0673996383364599 0.71955801827688204 1.5</Translation>
</Transform>
</Instance>
<Instance name="M5 - Jant.IGS-3" uid="M5 - Jant.IGS-3" grounded="true" entityUid="M5 - Jant.IGS*:*Default">
<Transform>
<Rotation>1 0 0 0 0.99237450961160101 -0.12325920928325999 0 0.12325920928325999 0.99237450961160101</Rotation>
<Translation>1.0683380501339801 0.71955801827687504 5.1000000000000014</Translation>
</Transform>
</Instance>
<Instance name="M5 - Jant.IGS-4" uid="M5 - Jant.IGS-4" grounded="true" entityUid="M5 - Jant.IGS*:*Default">
<Transform>
<Rotation>-1 0 0 0 0.381849318686593 -0.92422459273630297 0 -0.92422459273630297 -0.381849318686593</Rotation>
<Translation>0.75146122653894598 0.71955801827687504 6.5</Translation>
</Transform>
</Instance>
<Instance name="M5 - Jant.IGS-6" uid="M5 - Jant.IGS-6" grounded="true" entityUid="M5 - Jant.IGS*:*Default">
<Transform>
<Rotation>-1 0 0 0 0.381849318686593 -0.92422459273630297 0 -0.92422459273630297 -0.381849318686593</Rotation>
<Translation>0.75146122653894598 0.71955801827687504 5.1000000000000014</Translation>
</Transform>
</Instance>
<Instance name="M5 - Jant.IGS-7" uid="M5 - Jant.IGS-7" grounded="true" entityUid="M5 - Jant.IGS*:*Default">
<Transform>
<Rotation>1 0 0 0 0.95691779140795452 0.29035898554534589 0 -0.29035898554534589 0.95691779140795452</Rotation>
<Translation>-0.69978512627098199 0.71955801827692201 6.4999999999999902</Translation>
</Transform>
</Instance>
<Instance name="M5 - Jant.IGS-8" uid="M5 - Jant.IGS-8" grounded="true" entityUid="M5 - Jant.IGS*:*Default">
<Transform>
<Rotation>1 0 0 0 0.98825704320758845 -0.15280057771682207 0 0.15280057771682207 0.98825704320758845</Rotation>
<Translation>-0.699785126270974 0.71955801827685895 5.1000000000000014</Translation>
</Transform>
</Instance>
<Instance name="M5 - Jant.IGS-10" uid="M5 - Jant.IGS-10" grounded="true" entityUid="M5 - Jant.IGS*:*Default">
<Transform>
<Rotation>-1 0 0 0 0.381849318686593 -0.92422459273630297 0 -0.92422459273630297 -0.381849318686593</Rotation>
<Translation>-1.0166619498660201 0.71955801827681798 5.1000000000000014</Translation>
</Transform>
</Instance>
<Instance name="M5 - Lastik.IGS-2" uid="M5 - Lastik.IGS-2" grounded="true" entityUid="M5 - Lastik.IGS*:*Default">
<Transform>
<Rotation>-1 0 0 0 -0.56921586243488465 -0.82218811834793049 0 -0.82218811834793049 0.56921586243488465</Rotation>
<Translation>1.0673996383364599 0.71955801827688204 1.5</Translation>
</Transform>
</Instance>
<Instance name="M5 - Lastik.IGS-3" uid="M5 - Lastik.IGS-3" grounded="true" entityUid="M5 - Lastik.IGS*:*Default">
<Transform>
<Rotation>1 0 0 0 0.99237450961160101 -0.12325920928325999 0 0.12325920928325999 0.99237450961160101</Rotation>
<Translation>1.0683380501339801 0.71955801827687504 5.1000000000000014</Translation>
</Transform>
</Instance>
<Instance name="M5 - Model_003_kapak_kýs versiyon.IGS-3" uid="M5 - Model_003_kapak_kýs versiyon.IGS-3" grounded="true" entityUid="M5 - Model_003_kapak_kýs versiyon.IGS*:*Default">
<Transform>
<Rotation>1 0 0 0 1 0 0 0 1</Rotation>
<Translation>-0.78779623604782301 0.71955801827687504 6.5</Translation>
</Transform>
</Instance>
<Instance name="M5 - Model_004_1.03.IGS-1" uid="M5 - Model_004_1.03.IGS-1" grounded="true" entityUid="M5 - Model_004_1.03.IGS*:*Default">
<Transform>
<Rotation>1 0 0 0 1 0 0 0 1</Rotation>
<Translation>0.49600805013398402 1.32955801827689 1.49999999999999</Translation>
</Transform>
</Instance>
<Instance name="Part1^M5 - Model_004_merkez.IGS-1" uid="Part1^M5 - Model_004_merkez.IGS-1" grounded="true" entityUid="Part1^M5 - Model_004_merkez.IGS*:*Default">
<Transform>
<Rotation>0 0 -1 0 1 0 1 0 0</Rotation>
<Translation>0.69600805013398304 1.32955801827688 1.5</Translation>
</Transform>
</Instance>
<Instance name="M5 - Lastik.IGS-8" uid="M5 - Lastik.IGS-8" grounded="true" entityUid="M5 - Lastik.IGS*:*Default">
<Transform>
<Rotation>1 0 0 0 0.98825704320758845 -0.15280057771682207 0 0.15280057771682207 0.98825704320758845</Rotation>
<Translation>-0.699785126270974 0.71955801827685895 5.1000000000000014</Translation>
</Transform>
</Instance>
<Instance name="M5 - Lastik.IGS-5" uid="M5 - Lastik.IGS-5" grounded="true" entityUid="M5 - Lastik.IGS*:*Default">
<Transform>
<Rotation>1 0 0 0 1 0 0 0 1</Rotation>
<Translation>1.0683380501339801 0.71955801827687504 6.5</Translation>
</Transform>
</Instance>
<Instance name="Part1^M5 - Model_004_merkez.IGS-2" uid="Part1^M5 - Model_004_merkez.IGS-2" grounded="true" entityUid="Part1^M5 - Model_004_merkez.IGS*:*Default">
<Transform>
<Rotation>0 0 -1 -0.72900600050485098 0.68450730545986205 0 0.68450730545986205 0.72900600050485098 0</Rotation>
<Translation>0.60683805013398395 1.1371074746073999 5.54469366030796</Translation>
</Transform>
</Instance>
<Instance name="Part1^M5 - Model_004_merkez.IGS-3" uid="Part1^M5 - Model_004_merkez.IGS-3" grounded="true" entityUid="Part1^M5 - Model_004_merkez.IGS*:*Default">
<Transform>
<Rotation>0 0 -1 0 1 0 1 0 0</Rotation>
<Translation>0.60683805013398395 1.32955801827688 6.5</Translation>
</Transform>
</Instance>
<Instance name="M5 - Lastik.IGS-10" uid="M5 - Lastik.IGS-10" grounded="true" entityUid="M5 - Lastik.IGS*:*Default">
<Transform>
<Rotation>-1 0 0 0 0.381849318686593 -0.92422459273630297 0 -0.92422459273630297 -0.381849318686593</Rotation>
<Translation>-1.0166619498660201 0.71955801827681798 5.1000000000000014</Translation>
</Transform>
</Instance>
<Instance name="M5 - Model_004_1.03.IGS-4" uid="M5 - Model_004_1.03.IGS-4" grounded="true" entityUid="M5 - Model_004_1.03.IGS*:*Default">
<Transform>
<Rotation>-1 0 0 0 1 0 0 0 -1</Rotation>
<Translation>-0.44433194986607599 1.32955801827687 1.5</Translation>
</Transform>
</Instance>
<Instance name="M5 - Model_003_kapak.IGS-2" uid="M5 - Model_003_kapak.IGS-2" grounded="true" entityUid="M5 - Model_003_kapak.IGS*:*Default">
<Transform>
<Rotation>1 0 0 0 1 0 0 0 1</Rotation>
<Translation>-1.10373464784534 0.71955801827688803 1.49999999999999</Translation>
</Transform>
</Instance>
<Instance name="M5 - Model_004_1.03.IGS-3" uid="M5 - Model_004_1.03.IGS-3" grounded="true" entityUid="M5 - Model_004_1.03.IGS*:*Default">
<Transform>
<Rotation>1 0 0 0 1 0 0 0 1</Rotation>
<Translation>0.406838050133984 1.3295580182768201 6.5000000000000098</Translation>
</Transform>
</Instance>
<Instance name="M5 - Model_003_kapak_kýs versiyon.IGS-1" uid="M5 - Model_003_kapak_kýs versiyon.IGS-1" grounded="true" entityUid="M5 - Model_003_kapak_kýs versiyon.IGS*:*Default">
<Transform>
<Rotation>-1 0 0 0 0.381849318686593 -0.92422459273630297 0 -0.92422459273630297 -0.381849318686593</Rotation>
<Translation>0.83947233631578699 0.71955801827687504 5.1000000000000014</Translation>
</Transform>
</Instance>
<Instance name="M5 - Model_003_kapak_kýs versiyon.IGS-2" uid="M5 - Model_003_kapak_kýs versiyon.IGS-2" grounded="true" entityUid="M5 - Model_003_kapak_kýs versiyon.IGS*:*Default">
<Transform>
<Rotation>-1 0 0 0 0.381849318686593 -0.92422459273630297 0 -0.92422459273630297 -0.381849318686593</Rotation>
<Translation>0.83947233631578699 0.71955801827687504 6.5</Translation>
</Transform>
</Instance>
<Instance name="Part4^M5 - Model_004_merkez.IGS-1" uid="Part4^M5 - Model_004_merkez.IGS-1" grounded="true" entityUid="Part4^M5 - Model_004_merkez.IGS*:*Default">
<Transform>
<Rotation>0 0 1 0 1 0 -1 0 0</Rotation>
<Translation>1.07583805013394 -0.0014048900818089999 -0.0026649625725419998</Translation>
</Transform>
</Instance>
<Instance name="Part5^M5 - Model_004_merkez.IGS-1" uid="Part5^M5 - Model_004_merkez.IGS-1" grounded="true" entityUid="Part5^M5 - Model_004_merkez.IGS*:*Default">
<Transform>
<Rotation>0 0 1 0 1 0 -1 0 0</Rotation>
<Translation>0 0 0</Translation>
</Transform>
</Instance>
<Instance name="M5 - UV_01.IGS-1" uid="M5 - UV_01.IGS-1" grounded="true" entityUid="M5 - UV_01.IGS*:*Default">
<Transform>
<Rotation>0 0 -1 1 0 0 0 -1 0</Rotation>
<Translation>0.49600805013390997 1.0845580182768799 0.29999999999999999</Translation>
</Transform>
</Instance>
<Instance name="mandUD-Hekimhan Madencilik_ergünler_3028arka kapama sacý.IGS-1" uid="mandUD-Hekimhan Madencilik_ergünler_3028arka kapama sacý.IGS-1" grounded="true" entityUid="mandUD-Hekimhan Madencilik_ergünler_3028arka kapama sacý.IGS*:*Default">
<Transform>
<Rotation>0 0 1 0 1 0 -1 0 0</Rotation>
<Translation>0.39683321625517198 1.4900701681294899 7.3371907460994299</Translation>
</Transform>
</Instance>
<Instance name="M5 - Lastik.IGS-7" uid="M5 - Lastik.IGS-7" grounded="true" entityUid="M5 - Lastik.IGS*:*Default">
<Transform>
<Rotation>1 0 0 0 0.95691779140795452 0.29035898554534589 0 -0.29035898554534589 0.95691779140795452</Rotation>
<Translation>-0.69978512627098199 0.71955801827692201 6.4999999999999902</Translation>
</Transform>
</Instance>
<Instance name="M5 - Model_004_1.03.IGS-2" uid="M5 - Model_004_1.03.IGS-2" grounded="true" entityUid="M5 - Model_004_1.03.IGS*:*Default">
<Transform>
<Rotation>1 0 0 0 1 0 0 0 1</Rotation>
<Translation>0.406838050133984 1.3295580182768201 5.1000000000000103</Translation>
</Transform>
</Instance>
<Instance name="M5 - Lastik.IGS-6" uid="M5 - Lastik.IGS-6" grounded="true" entityUid="M5 - Lastik.IGS*:*Default">
<Transform>
<Rotation>-1 0 0 0 0.381849318686593 -0.92422459273630297 0 -0.92422459273630297 -0.381849318686593</Rotation>
<Translation>0.75146122653894598 0.71955801827687504 5.1000000000000014</Translation>
</Transform>
</Instance>
<Instance name="M5 - Lastik.IGS-9" uid="M5 - Lastik.IGS-9" grounded="true" entityUid="M5 - Lastik.IGS*:*Default">
<Transform>
<Rotation>-1 0 0 0 0.381849318686593 -0.92422459273630297 0 -0.92422459273630297 -0.381849318686593</Rotation>
<Translation>-1.0166619498660201 0.71955801827687005 6.5</Translation>
</Transform>
</Instance>
<Instance name="M5 - Model_004_1.03.IGS-5" uid="M5 - Model_004_1.03.IGS-5" grounded="true" entityUid="M5 - Model_004_1.03.IGS*:*Default">
<Transform>
<Rotation>-1 0 0 0 1 0 0 0 -1</Rotation>
<Translation>-0.35516194986605298 1.32955801827687 6.5</Translation>
</Transform>
</Instance>
<Instance name="M5 - Model_004_1.03.IGS-6" uid="M5 - Model_004_1.03.IGS-6" grounded="true" entityUid="M5 - Model_004_1.03.IGS*:*Default">
<Transform>
<Rotation>-1 0 0 0 1 0 0 0 -1</Rotation>
<Translation>-0.35516194986607302 1.32955801827687 5.1000000000000014</Translation>
</Transform>
</Instance>
<Instance name="M5 - Model_003_kapak.IGS-1" uid="M5 - Model_003_kapak.IGS-1" grounded="true" entityUid="M5 - Model_003_kapak.IGS*:*Default">
<Transform>
<Rotation>-1 0 0 0 0.381849318686593 -0.92422459273630297 0 -0.92422459273630297 -0.381849318686593</Rotation>
<Translation>1.15541074811331 0.71955801827688204 1.5</Translation>
</Transform>
</Instance>
<Instance name="M5 - Model_004_Ayna_01.IGS-1" uid="M5 - Model_004_Ayna_01.IGS-1" grounded="true" entityUid="M5 - Model_004_Ayna_01.IGS*:*Default">
<Transform>
<Rotation>0.99931239703033325 0.0001066497973723828 0.037077240556844686 -7.3738430490000019e-06 -0.99999527168873825 0.0030751497187812712 0.037077393208205009 -0.0030733086384550239 -0.99930767118385355</Rotation>
<Translation>1.3155155860565899 2.7921839823021601 0.38861093672555702</Translation>
</Transform>
</Instance>
<Instance name="Part3^M5 - Model_004_merkez.IGS-1" uid="Part3^M5 - Model_004_merkez.IGS-1" grounded="true" entityUid="Part3^M5 - Model_004_merkez.IGS*:*Default">
<Transform>
<Rotation>0 0 1 0 1 0 -1 0 0</Rotation>
<Translation>1.07583805013394 -0.0014048900818089999 -0.0026649625725419998</Translation>
</Transform>
</Instance>
<Instance name="M5 - MirrorModel_004_Ayna_01.IGS-1" uid="M5 - MirrorModel_004_Ayna_01.IGS-1" grounded="true" entityUid="M5 - MirrorModel_004_Ayna_01.IGS*:*Default">
<Transform>
<Rotation>-0.99931239703033325 -0.0001066497973723828 0.037077240556844686 -7.3738430490000019e-06 -0.99999527168873825 -0.0030751497187812712 0.037077393208205009 -0.0030733086384550239 0.99930767118385355</Rotation>
<Translation>-1.2638394857886199 2.7921839823021601 0.38861093672555702</Translation>
</Transform>
</Instance>
<Instance name="MirrorPart5^M5 - Model_004_merkez.IGS-1" uid="MirrorPart5^M5 - Model_004_merkez.IGS-1" grounded="true" entityUid="MirrorPart5^M5 - Model_004_merkez.IGS*:*Default">
<Transform>
<Rotation>0 0 1 0 1 0 -1 0 0</Rotation>
<Translation>0.051676100267966998 0 0</Translation>
</Transform>
</Instance>
<Instance name="M5 - Model_004_05.1.IGS-1" uid="M5 - Model_004_05.1.IGS-1" grounded="true" entityUid="M5 - Model_004_05.1.IGS*:*Default">
<Transform>
<Rotation>1 0 0 0 1 0 0 0 1</Rotation>
<Translation>0.72583805013398295 0.71955801827688204 1.5</Translation>
</Transform>
</Instance>
<Instance name="M5 - MirrorModel_004_05.1.IGS-1" uid="M5 - MirrorModel_004_05.1.IGS-1" grounded="true" entityUid="M5 - MirrorModel_004_05.1.IGS*:*Default">
<Transform>
<Rotation>-1 0 0 0 1 0 0 0 -1</Rotation>
<Translation>-0.67416194986601596 0.71955801827688104 1.5</Translation>
</Transform>
</Instance>
<Instance name="MirrorPart3^M5 - Model_004_merkez.IGS-1" uid="MirrorPart3^M5 - Model_004_merkez.IGS-1" grounded="true" entityUid="MirrorPart3^M5 - Model_004_merkez.IGS*:*Default">
<Transform>
<Rotation>0 0 1 0 1 0 -1 0 0</Rotation>
<Translation>-1.02416194986597 -0.0014048900818089999 -0.0026649625725210001</Translation>
</Transform>
</Instance>
<Instance name="M5 - MirrorUV_01.IGS-1" uid="M5 - MirrorUV_01.IGS-1" grounded="true" entityUid="M5 - MirrorUV_01.IGS*:*Default">
<Transform>
<Rotation>0 0 -1 1 0 0 0 -1 0</Rotation>
<Translation>-0.44433194986607499 1.0845580182768699 0.29999999999999999</Translation>
</Transform>
</Instance>
<Instance name="M5 - Model_003_kapak_kýs versiyon.IGS-4" uid="M5 - Model_003_kapak_kýs versiyon.IGS-4" grounded="true" entityUid="M5 - Model_003_kapak_kýs versiyon.IGS*:*Default">
<Transform>
<Rotation>1 0 0 0 1 0 0 0 1</Rotation>
<Translation>-0.78779623604781501 0.71955801827687504 5.1000000000000014</Translation>
</Transform>
</Instance>
<Instance name="mandUD-Hekimhan Madencilik_ergünler_3028þase u kapama.IGS-1" uid="mandUD-Hekimhan Madencilik_ergünler_3028þase u kapama.IGS-1" grounded="true" entityUid="mandUD-Hekimhan Madencilik_ergünler_3028þase u kapama.IGS*:*Default">
<Transform>
<Rotation>-1 0 0 0 0 -1 0 -1 0</Rotation>
<Translation>0.39276337488441199 1.55955801827687 7.3507800108613006</Translation>
</Transform>
</Instance>
<Instance name="mandUD-Hekimhan Madencilik_ergünler_3028U þase.IGS-1" uid="mandUD-Hekimhan Madencilik_ergünler_3028U þase.IGS-1" grounded="true" entityUid="mandUD-Hekimhan Madencilik_ergünler_3028U þase.IGS*:*Default">
<Transform>
<Rotation>-1 0 0 0 1 0 0 0 -1</Rotation>
<Translation>0.39276337488441199 1.4870472593219699 7.3507800108613006</Translation>
</Transform>
</Instance>
<Instance name="mandUD-Hekimhan Madencilik_ergünler_3028sasidik1.IGS-1" uid="mandUD-Hekimhan Madencilik_ergünler_3028sasidik1.IGS-1" grounded="true" entityUid="mandUD-Hekimhan Madencilik_ergünler_3028sasidik1.IGS*:*Default">
<Transform>
<Rotation>0 0 1 0 1 0 -1 0 0</Rotation>
<Translation>-0.34716678374482801 0.71569498969436995 8.9429949193115803</Translation>
</Transform>
</Instance>
<Instance name="MirrorPart4^M5 - Model_004_merkez.IGS-1" uid="MirrorPart4^M5 - Model_004_merkez.IGS-1" grounded="true" entityUid="MirrorPart4^M5 - Model_004_merkez.IGS*:*Default">
<Transform>
<Rotation>0 0 1 0 1 0 -1 0 0</Rotation>
<Translation>-1.02416194986597 -0.0014048900818089999 -0.0026649625725210001</Translation>
</Transform>
</Instance>
<Instance name="M5 - erp33360_çamurluk sacý_k4.IGS-1" uid="M5 - erp33360_çamurluk sacý_k4.IGS-1" grounded="true" entityUid="M5 - erp33360_çamurluk sacý_k4.IGS*:*Default">
<Transform>
<Rotation>0.99999227597493101 -0.0039303931699486427 8.4313465701669614e-08 0.00393033335203 0.99997693795857701 -0.0055385946529989214 2.1684543074e-05 0.0055385522041350001 0.99998466186700219</Rotation>
<Translation>-3.1528435183975199 0.69731993911324697 3.0272233510948499</Translation>
</Transform>
</Instance>
<Instance name="M5 - erp33360_iç kayýtr.IGS-1" uid="M5 - erp33360_iç kayýtr.IGS-1" grounded="true" entityUid="M5 - erp33360_iç kayýtr.IGS*:*Default">
<Transform>
<Rotation>1 0 0 0 0.9999846623339802 -0.0055385103408260011 0 0.0055385103408260011 0.9999846623339802</Rotation>
<Translation>-3.0316176389330098 2.2228105643320202 2.48674865886671</Translation>
</Transform>
</Instance>
<Instance name="M5 - erp33360_AynalamaÖZBEKÝSTAN kilit krosu bayrak.IGS-1" uid="M5 - erp33360_AynalamaÖZBEKÝSTAN kilit krosu bayrak.IGS-1" grounded="true" entityUid="M5 - erp33360_AynalamaÖZBEKÝSTAN kilit krosu bayrak.IGS*:*Default">
<Transform>
<Rotation>-1 0 0 0 0.902468103673569 -0.43075668520852001 0 -0.43075668520852001 -0.902468103673569</Rotation>
<Translation>4.5886546709517102 -10.452359048540901 13.5808312187262</Translation>
</Transform>
</Instance>
<Instance name="M5 - erp33360_MirrorÖZBEKÝSTAN Büyük Yan Kros.IGS-1" uid="M5 - erp33360_MirrorÖZBEKÝSTAN Büyük Yan Kros.IGS-1" grounded="true" entityUid="M5 - erp33360_MirrorÖZBEKÝSTAN Büyük Yan Kros.IGS*:*Default">
<Transform>
<Rotation>0.39068425126538314 0.0060523205296707351 0.92050485345239397 0.9204851349658324 0.0067085662900053774 -0.39071999110010519 -0.008540030453145003 0.99995918144419205 -0.0029501398815355044</Rotation>
<Translation>0.025290412210146 -0.837557426447891 10.794835084282701</Translation>
</Transform>
</Instance>
<Instance name="M5 - erp33360_ÖZBEKÝSTAN öngöðüs kuþak krosu.IGS-1" uid="M5 - erp33360_ÖZBEKÝSTAN öngöðüs kuþak krosu.IGS-1" grounded="true" entityUid="M5 - erp33360_ÖZBEKÝSTAN öngöðüs kuþak krosu.IGS*:*Default">
<Transform>
<Rotation>0 0 0.99999999999999989 0.95319495266453336 0.30235638279166177 0 -0.30235638279166177 0.95319495266453336 0</Rotation>
<Translation>-1.21804227943534 -352.742093168238 105.38554449418601</Translation>
</Transform>
</Instance>
<Instance name="M5 - erp33360_siperlik yan sacý.IGS-1" uid="M5 - erp33360_siperlik yan sacý.IGS-1" grounded="true" entityUid="M5 - erp33360_siperlik yan sacý.IGS*:*Default">
<Transform>
<Rotation>0 0 1 0.0055385103431299975 0.99998466233396754 0 -0.99998466233396754 0.0055385103431299975 0</Rotation>
<Translation>-1.1281619498587401 2.9150348295111002 3.2916010251802401</Translation>
</Transform>
</Instance>
<Instance name="M5 - erp33360_siperlik.IGS-1" uid="M5 - erp33360_siperlik.IGS-1" grounded="true" entityUid="M5 - erp33360_siperlik.IGS*:*Default">
<Transform>
<Rotation>0 0 1 0.0055385103431299975 0.99998466233396754 0 -0.99998466233396754 0.0055385103431299975 0</Rotation>
<Translation>-1.1281619498587401 3.1949843309294299 2.7556365975970198</Translation>
</Transform>
</Instance>
<Instance name="M5 - erp33360_Aynalamaiç kayýtr.IGS-1" uid="M5 - erp33360_Aynalamaiç kayýtr.IGS-1" grounded="true" entityUid="M5 - erp33360_Aynalamaiç kayýtr.IGS*:*Default">
<Transform>
<Rotation>-1 0 0 0 0.9999846623339802 0.0055385103408260011 0 0.0055385103408260011 -0.9999846623339802</Rotation>
<Translation>3.08329373919943 2.2228105643319802 2.4867486588663601</Translation>
</Transform>
</Instance>
<Instance name="M5 - erp33360_Aynalamasiperlik yan sacý.IGS-1" uid="M5 - erp33360_Aynalamasiperlik yan sacý.IGS-1" grounded="true" entityUid="M5 - erp33360_Aynalamasiperlik yan sacý.IGS*:*Default">
<Transform>
<Rotation>0 0 1 0.0055385103431299975 0.99998466233396754 0 -0.99998466233396754 0.0055385103431299975 0</Rotation>
<Translation>1.1798380501267101 2.9150348295113799 3.29160102518096</Translation>
</Transform>
</Instance>
<Instance name="M5 - erp33360_önpanel içköþe takviyesi.IGS-1" uid="M5 - erp33360_önpanel içköþe takviyesi.IGS-1" grounded="true" entityUid="M5 - erp33360_önpanel içköþe takviyesi.IGS*:*Default">
<Transform>
<Rotation>-0.69943966247332001 -2.0414688022725352e-12 0.71469165278405755 0.0028694553688169999 0.99999194003262826 0.0028082193053057584 -0.714685892392661 0.0040149557631840305 -0.69943402501245611</Rotation>
<Translation>1.2511068438947299 2.57588080137397 2.8766150029394102</Translation>
</Transform>
</Instance>
<Instance name="M5 - erpAynalama33360_önpanel içköþe takviyesi.IGS-1" uid="M5 - erpAynalama33360_önpanel içköþe takviyesi.IGS-1" grounded="true" entityUid="M5 - erpAynalama33360_önpanel içköþe takviyesi.IGS*:*Default">
<Transform>
<Rotation>0.69943966247332001 2.0414688022725352e-12 0.71469165278405755 0.0028694553688169999 0.99999194003262826 -0.0028082193053057584 -0.714685892392661 0.0040149557631840305 0.69943402501245611</Rotation>
<Translation>-1.1994307436267599 2.57588080137397 2.8766150029393098</Translation>
</Transform>
</Instance>
<Instance name="M5 - erp33390_kapak npu 120lik.IGS-1" uid="M5 - erp33390_kapak npu 120lik.IGS-1" grounded="true" entityUid="M5 - erp33390_kapak npu 120lik.IGS*:*Default">
<Transform>
<Rotation>1 0 0 0 0.98853960566331045 0.15096174361415793 0 -0.15096174361415793 0.98853960566331045</Rotation>
<Translation>-3.1492259021149098 1.7881217720111999 8.0173646263570006</Translation>
</Transform>
</Instance>
<Instance name="M5 - erp33360_kapak.IGS-1" uid="M5 - erp33360_kapak.IGS-1" grounded="true" entityUid="M5 - erp33360_kapak.IGS*:*Default">
<Transform>
<Rotation>1 0 0 0 0.98853960566331045 0.15096174361415793 0 -0.15096174361415793 0.98853960566331045</Rotation>
<Translation>-3.1492259021149001 1.78721600154951 8.0114333887230291</Translation>
</Transform>
</Instance>
<Instance name="mandUD-Hekimhan Madencilik_Mirrorergünler_3028þase u kapama.IGS-1" uid="mandUD-Hekimhan Madencilik_Mirrorergünler_3028þase u kapama.IGS-1" grounded="true" entityUid="mandUD-Hekimhan Madencilik_Mirrorergünler_3028þase u kapama.IGS*:*Default">
<Transform>
<Rotation>-1 0 0 0 0 -1 0 -1 0</Rotation>
<Translation>1.0814086185093399 1.55955801827687 7.3507800108613006</Translation>
</Transform>
</Instance>
<Instance name="mandUD-Hekimhan Madencilik_ergünler_3028þasi çapraz profil.IGS-1" uid="mandUD-Hekimhan Madencilik_ergünler_3028þasi çapraz profil.IGS-1" grounded="true" entityUid="mandUD-Hekimhan Madencilik_ergünler_3028þasi çapraz profil.IGS*:*Default">
<Transform>
<Rotation>-0.953314230726381 0 0.30198009453367702 0 1 0 -0.30198009453367702 0 -0.953314230726381</Rotation>
<Translation>-0.20436263379859201 1.4202442522597101 6.9690488512848496</Translation>
</Transform>
</Instance>
<Instance name="mandUD-Hekimhan Madencilik_ergünler_3028sasidik3.IGS-1" uid="mandUD-Hekimhan Madencilik_ergünler_3028sasidik3.IGS-1" grounded="true" entityUid="mandUD-Hekimhan Madencilik_ergünler_3028sasidik3.IGS*:*Default">
<Transform>
<Rotation>0 0 -1 0 1 0 1 0 0</Rotation>
<Translation>0.33683321625517099 0.71569498969437195 3.3915650880202102</Translation>
</Transform>
</Instance>
<Instance name="mandUD-Hekimhan Madencilik_ergünler_3028sasidik4.IGS-1" uid="mandUD-Hekimhan Madencilik_ergünler_3028sasidik4.IGS-1" grounded="true" entityUid="mandUD-Hekimhan Madencilik_ergünler_3028sasidik4.IGS*:*Default">
<Transform>
<Rotation>0 0 -1 0 1 0 1 0 0</Rotation>
<Translation>0.33683321625517099 0.52046852055220305 3.3521618963692599</Translation>
</Transform>
</Instance>
<Instance name="mandUD-Hekimhan Madencilik_ergünler_3028sasidik2.IGS-1" uid="mandUD-Hekimhan Madencilik_ergünler_3028sasidik2.IGS-1" grounded="true" entityUid="mandUD-Hekimhan Madencilik_ergünler_3028sasidik2.IGS*:*Default">
<Transform>
<Rotation>0 0 1 0 1 0 -1 0 0</Rotation>
<Translation>-0.34716678374482801 0.52046852055220205 8.9823981109625404</Translation>
</Transform>
</Instance>
<Instance name="mandUD-Hekimhan Madencilik_Mirrorergünler_3028U þase.IGS-1" uid="mandUD-Hekimhan Madencilik_Mirrorergünler_3028U þase.IGS-1" grounded="true" entityUid="mandUD-Hekimhan Madencilik_Mirrorergünler_3028U þase.IGS*:*Default">
<Transform>
<Rotation>-1 0 0 0 1 0 0 0 -1</Rotation>
<Translation>1.0814086185093399 1.4870472593219699 7.3507800108613006</Translation>
</Transform>
</Instance>
<Instance name="mandUD-Volvo_kutu_volvo p3.IGS-1" uid="mandUD-Volvo_kutu_volvo p3.IGS-1" grounded="true" entityUid="mandUD-Volvo_kutu_volvo p3.IGS*:*Default">
<Transform>
<Rotation>-1 0 0 0 1 0 0 0 -1</Rotation>
<Translation>0.66631544071431104 1.57497926486985 2.9257800108612999</Translation>
</Transform>
</Instance>
<Instance name="manpistonaltbaskýüstsacý_k10_1.IGS-1" uid="manpistonaltbaskýüstsacý_k10_1.IGS-1" grounded="true" entityUid="manpistonaltbaskýüstsacý_k10_1.IGS*:*Default">
<Transform>
<Rotation>-1 0 0 0 1 0 0 0 -1</Rotation>
<Translation>-0.48733798369039999 1.53523304590379 2.9407800108613</Translation>
</Transform>
</Instance>
<Instance name="mandUD-Hekimhan Madencilik_1yg01.IGS-1" uid="mandUD-Hekimhan Madencilik_1yg01.IGS-1" grounded="true" entityUid="mandUD-Hekimhan Madencilik_1yg01.IGS*:*Default">
<Transform>
<Rotation>0 0 1 0 1 0 -1 0 0</Rotation>
<Translation>-0.53222400506483003 3.0953268151730402 7.8970295510731807</Translation>
</Transform>
</Instance>
<Instance name="mandUD-Volvo_kutu_volvo p1.IGS-1" uid="mandUD-Volvo_kutu_volvo p1.IGS-1" grounded="true" entityUid="mandUD-Volvo_kutu_volvo p1.IGS*:*Default">
<Transform>
<Rotation>-1 0 0 0 1 0 0 0 -1</Rotation>
<Translation>0.53900441620073603 1.5363510886832901 2.7357800108613</Translation>
</Transform>
</Instance>
<Instance name="mandUD-Volvo_kutu_volvo p5.IGS-1" uid="mandUD-Volvo_kutu_volvo p5.IGS-1" grounded="true" entityUid="mandUD-Volvo_kutu_volvo p5.IGS*:*Default">
<Transform>
<Rotation>-1 0 0 0 1 0 0 0 -1</Rotation>
<Translation>0.53900441620073603 1.5363510886832901 2.9157800108613001</Translation>
</Transform>
</Instance>
<Instance name="M5 - erp33360_basamak.IGS-8" uid="M5 - erp33360_basamak.IGS-8" grounded="true" entityUid="M5 - erp33360_basamak.IGS*:*Default">
<Transform>
<Rotation>0.004532732890061 -0.0018840166436919991 0.99998795233434368 0.99622826618927496 -0.086644960767363666 -0.0046789335465693216 0.086652732086521994 0.99623747232018345 0.0014841721709887429</Rotation>
<Translation>0.75737516581489905 2.8064896926034502 2.5673328895952201</Translation>
</Transform>
</Instance>
<Instance name="M5 - erp33360_merdiven kenar.IGS-1" uid="M5 - erp33360_merdiven kenar.IGS-1" grounded="true" entityUid="M5 - erp33360_merdiven kenar.IGS*:*Default">
<Transform>
<Rotation>0 0 -0.99999999999999989 -0.0055385103408260011 0.9999846623339802 0 0.9999846623339802 0.0055385103408260011 0</Rotation>
<Translation>-1.2363746860631299 1.42263055253726 3.11497533832121</Translation>
</Transform>
</Instance>
<Instance name="M5 - erp33360_merdiven kenar.IGS-2" uid="M5 - erp33360_merdiven kenar.IGS-2" grounded="true" entityUid="M5 - erp33360_merdiven kenar.IGS*:*Default">
<Transform>
<Rotation>-0.99998795233434368 0.0049086847695026152 -1.9127928407858263e-13 0.0046789335465689981 0.9531834688904387 -0.30235638279165994 -0.0014841721709889996 -0.30235274010305191 -0.95319495266453391</Rotation>
<Translation>1.0086438985967301 1.69509040684684 2.9224949337627999</Translation>
</Transform>
</Instance>
<Instance name="M5 - erp33360_basamak.IGS-3" uid="M5 - erp33360_basamak.IGS-3" grounded="true" entityUid="M5 - erp33360_basamak.IGS*:*Default">
<Transform>
<Rotation>0.38381292185926313 0.92341087334612615 -2.2203506394591344e-13 0.9233967103785522 -0.38380703506485248 0.0055385103408254945 0.0051143206707730008 -0.0021257518368650026 -0.99998466233398053</Rotation>
<Translation>-1.2388746860630699 2.2867121639243702 3.3767580690013501</Translation>
</Transform>
</Instance>
<Instance name="M5 - erp33360_basamak.IGS-5" uid="M5 - erp33360_basamak.IGS-5" grounded="true" entityUid="M5 - erp33360_basamak.IGS*:*Default">
<Transform>
<Rotation>0.004532732890061 -0.0018840166436919991 0.99998795233434368 0.99622826618927496 -0.086644960767363666 -0.0046789335465693216 0.086652732086521994 0.99623747232018345 0.0014841721709887429</Rotation>
<Translation>0.75295734952235505 1.94862457060206 2.8394503556879598</Translation>
</Transform>
</Instance>
<Instance name="M5 - erp33360_basamak.IGS-4" uid="M5 - erp33360_basamak.IGS-4" grounded="true" entityUid="M5 - erp33360_basamak.IGS*:*Default">
<Transform>
<Rotation>0.38381292185926313 0.92341087334612615 -2.2203506394591344e-13 0.9233967103785522 -0.38380703506485248 0.0055385103408254945 0.0051143206707730008 -0.0021257518368650026 -0.99998466233398053</Rotation>
<Translation>-1.2388746860630699 2.5867075626245599 3.3784196221035998</Translation>
</Transform>
</Instance>
<Instance name="M5 - erp33360_basamak.IGS-1" uid="M5 - erp33360_basamak.IGS-1" grounded="true" entityUid="M5 - erp33360_basamak.IGS*:*Default">
<Transform>
<Rotation>0.38381292185926313 0.92341087334612615 -2.2203506394591344e-13 0.9233967103785522 -0.38380703506485248 0.0055385103408254945 0.0051143206707730008 -0.0021257518368650026 -0.99998466233398053</Rotation>
<Translation>-1.2388746860630699 1.68672136652398 3.3734349627968498</Translation>
</Transform>
</Instance>
<Instance name="M5 - erp33360_basamak.IGS-6" uid="M5 - erp33360_basamak.IGS-6" grounded="true" entityUid="M5 - erp33360_basamak.IGS*:*Default">
<Transform>
<Rotation>0.004532732890061 -0.0018840166436919991 0.99998795233434368 0.99622826618927496 -0.086644960767363666 -0.0046789335465693216 0.086652732086521994 0.99623747232018345 0.0014841721709887429</Rotation>
<Translation>0.75442995495320297 2.23457961126919 2.74874453365705</Translation>
</Transform>
</Instance>
<Instance name="M5 - erp33360_basamak.IGS-7" uid="M5 - erp33360_basamak.IGS-7" grounded="true" entityUid="M5 - erp33360_basamak.IGS*:*Default">
<Transform>
<Rotation>0.004532732890061 -0.0018840166436919991 0.99998795233434368 0.99622826618927496 -0.086644960767363666 -0.0046789335465693216 0.086652732086521994 0.99623747232018345 0.0014841721709887429</Rotation>
<Translation>0.75590256038405101 2.5205346519363201 2.6580387116261299</Translation>
</Transform>
</Instance>
<Instance name="M5 - erp33360_basamak.IGS-2" uid="M5 - erp33360_basamak.IGS-2" grounded="true" entityUid="M5 - erp33360_basamak.IGS*:*Default">
<Transform>
<Rotation>0.38381292185926313 0.92341087334612615 -2.2203506394591344e-13 0.9233967103785522 -0.38380703506485248 0.0055385103408254945 0.0051143206707730008 -0.0021257518368650026 -0.99998466233398053</Rotation>
<Translation>-1.2388746860630699 1.98671676522417 3.3750965158991</Translation>
</Transform>
</Instance>
<Instance name="AynalamaM5 - erp33360_ÖZBEKÝSTAN küçük yan kros.IGS-1" uid="AynalamaM5 - erp33360_ÖZBEKÝSTAN küçük yan kros.IGS-1" grounded="true" entityUid="AynalamaM5 - erp33360_ÖZBEKÝSTAN küçük yan kros.IGS*:*Default">
<Transform>
<Rotation>0 -1 0 0.15096174361275691 0 -0.98853960566352439 0.98853960566352439 0 0.15096174361275691</Rotation>
<Translation>1.2938804175588801 1.02683492412402 7.8343505634019204</Translation>
</Transform>
</Instance>
<Instance name="AynalamaM5 - erp33360_ÖZBEKÝSTAN öngöðüs kuþak krosu.IGS-1" uid="AynalamaM5 - erp33360_ÖZBEKÝSTAN öngöðüs kuþak krosu.IGS-1" grounded="true" entityUid="AynalamaM5 - erp33360_ÖZBEKÝSTAN öngöðüs kuþak krosu.IGS*:*Default">
<Transform>
<Rotation>0 0 1 0.95319495266455201 0.30235638279160298 0 -0.30235638279160298 0.95319495266455201 0</Rotation>
<Translation>1.26971837976274 -352.74209316824403 105.385544494163</Translation>
</Transform>
</Instance>
<Instance name="Plastik çamurluk üst kapama1.IGS-1" uid="Plastik çamurluk üst kapama1.IGS-1" grounded="true" entityUid="Plastik çamurluk üst kapama1.IGS*:*Default">
<Transform>
<Rotation>-1 0 0 0 1 0 0 0 -1</Rotation>
<Translation>-0.52016678374481795 1.37455801827687 6.6587800108612401</Translation>
</Transform>
</Instance>
<Instance name="YAPI_plastik camurluk.IGS-1" uid="YAPI_plastik camurluk.IGS-1" grounded="true" entityUid="YAPI_plastik camurluk.IGS*:*Default">
<Transform>
<Rotation>0 0 1 0.14891473721262199 0.98885003971325003 0 -0.98885003971325003 0.14891473721262199 0</Rotation>
<Translation>-0.53016678374480897 -54.790092942393301 231.51645763010401</Translation>
</Transform>
</Instance>
<Instance name="M5 - erp33360_TABAN 8 MM ST.IGS-1" uid="M5 - erp33360_TABAN 8 MM ST.IGS-1" grounded="true" entityUid="M5 - erp33360_TABAN 8 MM ST.IGS*:*Default">
<Transform>
<Rotation>-1 0 0 0 0.9999846623339802 0.0055385103408260011 0 0.0055385103408260011 -0.9999846623339802</Rotation>
<Translation>2.7110125406671002 0.79479136640123005 10.334490648465</Translation>
</Transform>
</Instance>
<Instance name="M5 - erp33360_ÖZBEKÝSTAN Büyük Yan Kros.IGS-1" uid="M5 - erp33360_ÖZBEKÝSTAN Büyük Yan Kros.IGS-1" grounded="true" entityUid="M5 - erp33360_ÖZBEKÝSTAN Büyük Yan Kros.IGS*:*Default">
<Transform>
<Rotation>0.39068425126528689 -0.0060523205289398866 -0.92050485345243938 -0.92048513496588769 0.006708566288589732 -0.3907199910999985 0.0085400304515559963 0.99995918144420604 -0.0029501398814168198</Rotation>
<Translation>-1.4410535188234801 2.6206294550957701 10.762762390533501</Translation>
</Transform>
</Instance>
<Instance name="AynalamaYAPI_plastik camurluk.IGS-2" uid="AynalamaYAPI_plastik camurluk.IGS-2" grounded="true" entityUid="AynalamaYAPI_plastik camurluk.IGS*:*Default">
<Transform>
<Rotation>0 0 1 0.14891473721262199 0.98885003971325003 0 -0.98885003971325003 0.14891473721262199 0</Rotation>
<Translation>0.58183321625517603 -54.790092942393301 231.51645763010401</Translation>
</Transform>
</Instance>
<Instance name="M5 - erp33360_YAN 6 MM ST.IGS-1" uid="M5 - erp33360_YAN 6 MM ST.IGS-1" grounded="true" entityUid="M5 - erp33360_YAN 6 MM ST.IGS*:*Default">
<Transform>
<Rotation>1 0 0 0 0.9999846623339802 -0.0055385103408260011 0 0.0055385103408260011 0.9999846623339802</Rotation>
<Translation>-3.1492259021145901 1.0308857950304999 2.3393516798551999</Translation>
</Transform>
</Instance>
<Instance name="M5 - erp33360_ÖNPANEL 6 MM ST.IGS-1" uid="M5 - erp33360_ÖNPANEL 6 MM ST.IGS-1" grounded="true" entityUid="M5 - erp33360_ÖNPANEL 6 MM ST.IGS*:*Default">
<Transform>
<Rotation>-1 0 0 0 0.95275342312677525 -0.30374481842528905 0 -0.30374481842528905 -0.95275342312677525</Rotation>
<Translation>3.4828014100944298 -1.03292005268165 3.905347480597591</Translation>
</Transform>
</Instance>
<Instance name="AynalamaYAPI_plastik camurluk.IGS-1" uid="AynalamaYAPI_plastik camurluk.IGS-1" grounded="true" entityUid="AynalamaYAPI_plastik camurluk.IGS*:*Default">
<Transform>
